0.000000
0.000000
3.489675
3.489675
3.489675
3.489675
3.489675
3.489675
3.489675
0.000000
0.000000
3.489675
3.489675
3.489675
3.489675
3.489675
3.489675
3.489675
3.489675
3.489675
3.489675
3.489675
3.489675
3.489675
3.487890
3.487890
3.489675
3.489675
3.489675
3.489675
8.544795
13.614196
13.614196
18.064199
21.005880
21.005880
25.655804
28.618904
28.618904
33.063553
33.063553
33.677597
40.496296
40.496296
43.628971
45.824520
45.824520
51.031364
53.180504
58.499805
58.499805
59.179890
59.179890
63.024784
64.891891
70.546768
70.546768
72.221100
74.323830
74.323830
78.034843
81.708374
81.708374
85.215904
86.601059
86.601059
90.661934
96.338234
96.338234
96.341805
99.924301
99.924301
102.516129
98.869362
98.869362
98.872932
98.872932
98.872932
98.874718
98.874718
98.874718
98.874718
98.874718
98.874718
98.872932
98.872932
98.872932
98.874718
98.874718
98.874718
98.874718
98.874718
98.874718
98.876503
98.876503
98.876503
98.876503
98.876503
98.876503
98.876503
98.878288
98.878288
98.878288
98.878288
98.878288
98.880074
98.880074
98.880074
98.880074
98.880074
98.880074
103.319374
103.319374
99.895737
96.225777
96.225777
96.218643
90.467369
90.467369
87.830925
81.885086
81.885086
76.885307
74.072151
74.072151
73.204636
67.105293
67.105293
61.848469
61.848469
55.756264
51.379440
51.379440
48.114674
45.460381
45.460381
36.815624
36.390797
36.390797
33.229561
27.928110
27.928110
21.846617
21.846617
16.707602
13.921216
13.921216
9.199890
3.437910
3.437910
3.436125
3.437910
3.437910
3.441480
3.443265
3.443265
3.443265
3.446835
3.446835
3.448620
3.450405
3.450405
3.452190
3.452190
3.453975
3.455760
3.455760
3.459330
3.457545
3.457545
3.462900
3.464685
3.464685
3.464685
3.468255
3.468255
3.468255
3.468255
3.470040
3.471825
3.471825
3.471825
3.475395
3.475395
3.475395
3.477180
3.477180
3.478965
3.478965
3.478965
3.480750
3.482535
3.482535
3.482535
3.484320
3.484320
3.484320
3.484320
3.484320
3.486105
3.486105
3.487890
3.486105
3.486105
3.487890
3.487890
3.487890
3.489675
3.489675
3.489675
3.489675
3.491460
3.491460
3.491460
3.491460
3.491460
3.493245
3.493245
3.493245
3.495030
3.495030
3.495030
3.495030
3.495030
3.495030
3.495030
3.495030
3.495030
3.496815
3.496815
3.496815
3.498600
3.498600
3.498600
3.498600
3.498600
3.498600
3.498600
3.498600
3.498600
3.498600
3.498600
3.498600
3.498600
3.498600
3.498600
3.500385
3.500385
3.500385
3.500385
3.500385
3.500385
3.500385
3.500385
3.500385
3.500385
3.500385
3.502170
3.502170
3.502170
3.502170
3.502170
3.502170
3.502170
3.502170
3.502170
3.502170
3.502170
3.503955
3.503955
3.502170
3.502170
3.502170
3.503955
3.503955
3.503955
3.502170
3.503955
3.503955
3.502170
3.502170
3.503955
3.503955
3.503955
3.503955
3.503955
3.503955
3.503955
3.503955
3.503955
3.503955
3.503955
3.503955
3.503955
3.503955
3.503955
3.503955
3.503955
3.503955
3.503955
3.503955
3.503955
3.503955
3.503955
3.503955
3.503955
3.503955
3.503955
3.503955
3.503955
3.505740
3.505740
3.503955
3.503955
3.503955
3.505740
6.772290
6.772290
10.817101
9.799650
9.799650
11.602500
11.602500
16.420216
20.557846
20.557846
20.288311
21.734159
21.734159
24.638357
28.411848
28.411848
31.523102
33.086761
33.086761
35.901707
39.778728
39.778728
39.785870
43.479031
43.479031
47.166840
49.430222
49.430222
51.061714
54.745953
54.745953
58.606911
58.606911
60.800671
62.501778
62.501778
66.269913
70.043404
70.043404
75.894630
81.044350
81.044350
80.192909
81.676247
81.676247
85.258743
88.889435
88.889435
91.142097
91.142097
92.807510
96.522095
100.092087
100.092087
102.064529
103.337219
103.337219
100.015343
98.730141
98.730141
98.730141
98.730141
98.730141
103.319374
103.319374
98.747986
103.312233
103.312233
101.636108
101.270187
101.270187
93.517937
90.254959
90.254959
89.774796
89.774796
84.096703
78.848808
78.848808
75.710777
71.533875
71.533875
71.533875
63.872658
63.872658
58.007145
55.361771
55.361771
49.212448
48.707298
48.707298
45.512146
40.262459
40.262459
34.166687
28.875946
28.875946
25.978889
23.919001
23.919001
15.267105
13.940851
13.940851
7.993230
7.993230
3.659250
3.446835
3.446835
3.448620
3.450405
3.450405
3.453975
3.455760
3.455760
3.457545
3.461115
3.461115
3.462900
3.464685
3.464685
3.466470
3.470040
3.470040
3.473610
3.473610
3.475395
3.477180
3.477180
3.478965
3.480750
3.480750
3.482535
3.484320
3.484320
3.484320
3.484320
3.487890
3.489675
3.489675
3.489675
3.491460
3.491460
3.493245
3.495030
3.495030
3.495030
3.495030
3.496815
3.496815
3.496815
3.498600
3.498600
3.498600
3.500385
3.500385
3.500385
3.502170
3.502170
3.502170
3.502170
3.503955
3.503955
3.503955
3.503955
3.505740
3.505740
3.505740
3.505740
3.507525
3.507525
3.507525
3.507525
3.507525
3.509310
3.509310
3.509310
3.509310
3.509310
3.509310
3.511095
3.511095
3.511095
3.511095
3.511095
3.511095
3.511095
3.511095
3.511095
3.512880
3.512880
3.511095
3.511095
3.511095
3.512880
3.512880
3.512880
3.512880
3.512880
3.512880
3.512880
3.512880
3.512880
3.514665
3.514665
3.514665
3.514665
3.514665
3.514665
3.514665
3.514665
3.514665
3.514665
3.514665
3.514665
3.514665
3.514665
3.514665
3.514665
3.514665
3.514665
3.514665
3.514665
3.514665
3.514665
3.516450
3.514665
3.514665
3.516450
3.516450
3.516450
3.516450
3.516450
3.516450
3.516450
3.516450
3.516450
3.516450
3.516450
3.516450
3.516450
3.516450
3.516450
3.516450
3.516450
3.516450
3.516450
3.516450
3.516450
3.516450
3.516450
3.516450
3.516450
3.520020
3.520020
7.100730
10.679655
10.679655
16.498755
17.250242
17.250242
20.702431
20.702431
20.713142
25.413046
25.413046
28.060202
31.951502
31.960424
31.960424
35.753551
35.753551
39.473492
41.656544
41.656544
43.364792
47.066883
47.066883
50.688648
50.688648
52.964520
54.663841
54.663841
58.380211
62.026966
62.026966
64.342110
66.073563
66.073563
69.782791
73.442039
73.442039
79.270073
84.475128
84.475128
83.618332
85.114151
85.114151
88.801971
88.801971
92.493347
94.788857
94.788857
96.595276
100.170624
100.170624
103.210487
103.210487
103.321159
98.714081
98.714081
98.717651
98.717651
98.717651
103.287247
103.287247
98.747986
103.365776
103.365776
103.294388
100.449081
100.449081
94.640701
92.354118
92.354118
90.922546
85.690712
85.690712
82.968590
82.968590
74.725456
73.656242
73.656242
73.372421
64.731247
64.731247
59.483345
53.301888
53.301888
50.411968
50.411968
49.767586
44.508976
44.508976
38.379284
33.184937
33.184937
27.305143
25.736130
25.736130
19.654636
14.487061
14.487061
12.145140
12.143355
12.143355
8.214570
3.409350
3.409350
3.411135
3.411135
3.414705
3.416490
3.416490
3.420060
3.423630
3.423630
3.425415
3.425415
3.428985
3.432555
3.432555
3.434340
3.437910
3.437910
3.439695
3.441480
3.441480
3.443265
3.445050
3.445050
3.446835
3.448620
3.448620
3.452190
3.453975
3.453975
3.453975
3.457545
3.457545
3.457545
3.459330
3.459330
3.459330
3.461115
3.461115
3.462900
3.462900
3.462900
3.464685
3.466470
3.466470
3.468255
3.468255
3.468255
3.468255
3.470040
3.470040
3.470040
3.470040
3.471825
3.471825
3.471825
3.473610
3.473610
3.473610
3.473610
3.475395
3.475395
3.475395
3.475395
3.475395
3.477180
3.477180
3.477180
3.477180
3.477180
3.477180
3.478965
3.478965
3.478965
3.478965
3.478965
3.478965
3.478965
3.480750
3.480750
3.480750
3.480750
3.480750
3.480750
3.480750
3.480750
3.480750
3.482535
3.482535
3.482535
3.482535
3.482535
3.482535
3.482535
3.482535
3.482535
3.482535
3.482535
3.482535
3.482535
3.482535
3.482535
3.484320
3.484320
3.484320
3.484320
3.484320
3.484320
3.484320
3.484320
3.484320
3.484320
3.484320
3.484320
3.484320
3.486105
3.486105
3.486105
3.486105
3.486105
3.486105
3.486105
3.486105
3.486105
3.486105
3.486105
3.486105
3.486105
3.486105
3.486105
3.486105
3.486105
3.486105
3.486105
3.486105
3.486105
3.486105
3.487890
3.487890
3.487890
3.487890
3.487890
3.487890
5.553135
5.553135
10.674300
7.814730
7.814730
7.668360
7.668360
9.776444
15.047552
18.192720
18.192720
17.610811
20.522144
20.522144
21.835905
24.716896
24.716896
28.515375
31.623062
31.623062
32.181767
