0.000000
0.000000
-1.942960
-1.942960
-1.942960
-1.942960
-1.942960
-1.942960
-1.942960
0.000000
0.000000
-1.942960
-1.942960
-1.942960
-1.942960
-1.942960
-1.942960
-1.942960
-1.942960
-1.942960
-1.942960
-1.942960
-1.942960
-1.942960
-1.942960
-3.983732
-3.016221
-3.016221
3.208456
3.208456
2.431934
0.921336
0.921336
0.146960
1.461792
1.461792
0.518976
1.368716
1.368716
2.143038
2.143038
1.010347
1.731686
1.731686
0.572061
2.408711
2.408711
0.072043
1.896021
-0.480826
-0.480826
1.327802
1.327802
0.127026
0.721151
-0.486244
-0.486244
0.088420
1.870196
1.870196
0.649919
1.200301
1.200301
-0.027452
0.506920
0.506920
2.270310
-0.211046
-0.211046
1.545364
2.045350
2.045350
0.792707
-0.463887
-0.463887
0.015713
1.756275
1.756275
2.234237
0.969410
0.969410
1.434820
1.434820
0.164955
0.615059
2.333384
2.333384
1.047076
1.468272
1.468272
0.168218
1.870226
1.870226
2.241688
0.926026
0.926026
1.249712
-0.090271
-0.090271
1.545221
1.766867
1.766867
0.348112
0.424881
0.424881
1.901228
1.598714
1.598714
-0.319855
-0.319855
-1.309497
-3.134708
-3.134708
-1.196149
-0.334157
-0.334157
-4.708316
-3.928227
-3.928227
-3.162162
-1.671804
-1.671804
-0.202252
-2.477455
-2.477455
-4.758139
-3.338555
-3.338555
-2.634483
-2.634483
-1.231941
-2.833755
-2.833755
-2.135583
-1.438531
-1.438531
-0.049363
-2.355465
-2.355465
-3.961482
-3.265385
-3.265385
-1.873559
-1.873559
-1.173606
-2.763541
-2.763541
-2.052474
-0.621480
-0.621480
-2.900718
-1.442441
-1.442441
-0.710921
-2.251391
-2.251391
-4.522667
-3.066246
-3.066246
-2.338326
-0.882766
-0.882766
-0.155017
-0.155017
-4.699221
-3.971066
-3.971066
-2.514043
-1.785112
-1.785112
-0.326010
-2.595786
-2.595786
-4.133745
-3.401990
-3.401990
-1.936697
-1.936697
-1.203160
-2.734027
-2.734027
-1.998482
-0.525086
-0.525086
-2.787537
-1.310202
-1.310202
-0.569977
-2.086816
-2.086816
-1.344023
-2.855431
-2.855431
-2.109802
-0.615481
-0.615481
-2.866917
-2.866917
-1.366485
-0.614768
-0.614768
-2.107887
-1.352879
-1.352879
-2.839292
-2.080859
-2.080859
-1.321064
-2.798272
-2.798272
-1.270259
-0.504394
-0.504394
-2.736962
-1.198688
-1.198688
-0.427343
-1.880808
-1.880808
-1.105190
-2.550196
-2.550196
-4.770230
-3.989032
-3.989032
-2.421760
-1.635880
-1.635880
-0.058943
-0.058943
-2.268135
-3.681495
-3.681495
-2.885510
-2.087712
-2.087712
-0.486457
-1.878076
-1.878076
-1.071065
-0.262069
-0.262069
-4.637647
-3.822570
-3.822570
-2.185313
-1.364037
-1.364037
-2.715434
-1.886557
-1.886557
-0.220510
-2.383904
-2.383904
-3.702333
-2.857533
-2.857533
-1.158480
-0.304827
-0.304827
-4.587718
-4.587718
-3.724630
-1.987595
-1.987595
-1.114477
-1.114477
-2.355931
-4.471178
-4.471178
-2.688884
-1.792210
-1.792210
0.015297
-2.074731
-2.074731
-3.239331
-2.314764
-2.314764
-0.448835
-0.448835
-2.507988
-3.605496
-3.605496
-2.645302
-0.702139
-0.702139
0.279674
-3.728447
-3.728447
-2.720165
-0.670260
-0.670260
0.369049
0.369049
-3.512874
-2.434559
-2.434559
-0.225076
-2.095848
-2.095848
-2.769294
-2.769294
-1.569987
-2.070613
-3.769914
-3.769914
-1.018242
-1.018242
0.430419
-2.470192
-2.470192
-3.720593
0.588909
0.588909
0.292413
-1.600399
-1.600399
-3.604455
1.555271
1.555271
-0.429090
-0.429090
-1.007395
-2.651573
-2.651573
0.105110
1.491729
1.491729
1.388805
-0.135977
-0.135977
-0.158697
1.339801
1.339801
1.378130
-0.097253
-0.097253
1.434131
1.506214
1.506214
0.055741
0.153861
0.153861
1.708377
1.817754
1.817754
0.381520
0.381520
0.504289
2.066011
2.066011
2.189210
0.754279
0.754279
-2.124246
-3.566845
-3.566845
0.984133
1.074744
1.074744
-0.380393
-0.300649
-0.300649
-0.241247
-0.241247
1.276629
1.290371
-0.223490
-0.223490
1.254851
1.185379
1.185379
-0.386773
-0.615544
-0.615544
0.719761
-2.794161
-2.794161
1.298796
1.298796
-3.375178
-0.778035
-0.778035
-3.778951
-2.656934
-2.656934
-0.679009
0.227079
0.227079
-4.057183
-4.057183
-3.235313
-1.645338
-1.645338
-0.869733
-2.345100
-2.345100
-4.592824
-3.108549
-3.108549
-2.375536
-0.919897
-0.919897
-0.194232
-4.748769
-4.748769
-4.027849
-2.595780
-2.595780
-1.878976
-1.161798
-1.161798
-2.722965
-1.999955
-1.999955
-0.550464
-2.827064
-2.827064
-1.361285
-1.361285
-0.625102
-2.121467
-2.121467
-1.361702
-2.847149
-2.847149
-2.091533
-0.582449
-0.582449
-2.828526
-1.321595
-1.321595
-0.568362
-2.061945
-2.061945
-1.308609
-0.555055
-0.555055
-2.047295
-2.047295
-1.292809
-2.782676
-2.782676
-1.270221
-0.513099
-0.513099
-2.755209
-1.237519
-1.237519
-2.716598
-2.716598
-1.954981
-0.429119
-0.429119
-2.664907
-1.133488
-1.133488
-0.366462
-4.829168
-4.829168
-4.058908
-4.058908
-2.514806
-1.741205
-1.741205
-0.190388
-2.413188
-2.413188
-3.854706
-3.073621
-3.073621
-1.507190
-0.721956
-0.721956
0.064971
-4.357090
-4.357090
-3.565609
-3.565609
-1.978476
-1.182275
-1.182275
-2.585446
-4.784190
-4.784190
-3.176765
-2.369933
-2.369933
-0.751629
0.060735
0.060735
-4.309087
-4.309087
-3.490553
-1.848511
-1.848511
-1.025496
-2.369351
-2.369351
-4.537239
-2.866290
-2.866290
-2.026593
-0.340174
-0.340174
-2.492104
-2.492104
-3.788433
-2.072643
-2.072643
-1.210506
-2.476382
-2.476382
-4.604494
-3.728464
-3.728464
-1.966749
-1.079669
-1.079669
-2.294574
-2.294574
-4.394690
-2.583222
-2.583222
-1.669907
0.170421
0.170421
-1.900319
-3.026541
-3.026541
-2.079451
-0.167050
-0.167050
-2.199344
-3.244470
-3.244470
-2.253750
-0.248845
-0.248845
-2.230762
-3.165124
-3.165124
-2.113496
-1.051560
-1.051560
-1.883249
-2.655139
-2.655139
-1.506946
-1.506946
-0.340861
-3.931770
-3.931770
-2.685353
-0.077002
-0.077002
-3.290551
-1.857326
-1.857326
-1.609307
-1.609307
-2.704542
-1.199300
-1.199300
-1.198007
0.084754
0.084754
1.212056
1.212056
0.832515
-0.679657
-0.679657
-4.114432
0.188189
0.188189
-0.147275
-0.147275
1.275813
1.178377
1.178377
-0.332626
-0.354386
1.150762
1.150762
1.177438
1.177438
-0.288238
-0.220135
-0.220135
1.322373
1.412933
1.412933
-0.029739
-0.029739
0.082644
1.642621
1.642621
1.762715
0.328458
0.328458
0.454990
2.018377
2.018377
2.142330
0.700537
0.700537
-2.182771
-3.632472
-3.632472
-0.541335
0.996970
0.996970
1.069605
1.069605
-0.400846
-0.363375
-0.363375
1.140295
1.116050
1.116050
-0.400791
-0.400791
-0.507746
0.896458
0.896458
-2.362831
-4.071189
-4.071189
1.316763
1.316763
-0.779574
-0.084205
-0.084205
-1.371809
-2.019532
-2.019532
-0.997433
-2.150113
-2.150113
-4.275277
-2.616787
-2.616787
-1.812155
-1.812155
-1.029278
-2.480443
-2.480443
-4.724440
-3.228747
-3.228747
-2.496278
-1.032305
-1.032305
-0.306149
-0.306149
-4.855206
-4.134683
-4.134683
-2.699567
-1.983713
-1.983713
-0.544955
-2.824380
-2.824380
-1.380995
-0.657999
-0.657999
-2.200172
-4.463586
-4.463586
-3.723859
-2.246972
-2.246972
-1.502458
-1.502458
0.014596
-4.474169
-4.474169
-3.720205
-2.213599
-2.213599
-1.460623
-1.460623
0.045013
-2.202281
-2.202281
-3.696515
-2.943322
-2.943322
-1.436017
-0.681774
-0.681774
0.073018
-4.416138
-4.416138
-3.659739
-2.145150
-2.145150
-1.386807
-2.867875
-2.867875
-2.107077
-0.583163
-0.583163
-2.819710
-1.290340
-1.290340
-0.524021
-2.756865
-2.756865
-1.219230
-0.448838
-0.448838
-1.904607
-1.130913
-1.130913
-2.579734
-2.579734
-4.802300
-3.243582
-2.462453
-2.462453
-0.895882
-0.895882
-0.110548
-4.535535
-4.535535
-3.745939
-2.161927
-2.161927
-1.367681
-2.773954
-2.773954
-1.974617
-0.370784
-0.370784
-2.566143
-4.759589
-4.759589
-3.140684
-2.328558
-2.328558
-0.697854
0.119868
0.119868
-4.238893
-3.414088
-3.414088
-2.586492
-0.925197
-0.925197
-0.090642
-2.254069
-2.254069
-3.573011
-1.881517
-1.881517
-1.031177
-2.322959
-2.322959
-4.463990
-3.602144
-3.602144
-1.868553
-1.868553
-0.121537
-2.242187
-2.242187
-3.473063
-2.582027
-2.582027
-0.788742
-0.788742
0.115204
-4.064569
-4.064569
-3.146738
-1.297546
-1.297546
-0.363882
-4.481174
-4.481174
-3.529621
-2.572483
-2.572483
-0.636749
-2.658496
-2.658496
-0.677307
0.325381
0.325381
-3.641957
-3.641957
-1.568735
-0.512288
-0.512288
-2.445358
-3.266359
-3.266359
-1.026369
0.125819
0.125819
-3.509582
-2.280017
-2.280017
-1.023979
-1.023979
-1.435812
-1.611389
-1.611389
-0.059916
-1.428243
-1.428243
-0.688937
1.520154
1.520154
-4.576937
-1.299072
-1.299072
-0.079099
-0.079099
0.932921
-2.476418
-4.154821
-4.154821
1.502280
-0.138563
-0.138563
1.269584
1.174774
1.174774
-0.360764
-0.400094
-0.400094
1.091558
