0.000000
0.000000
-2.046517
-2.046517
-2.046517
-2.046517
-2.046517
-2.046517
-2.046517
0.000000
0.000000
-2.046517
-2.046517
-2.046517
-2.046517
-2.046517
-2.046517
-2.046517
-2.046517
-2.046517
-2.046517
-2.046517
-2.046517
-2.046517
-2.046517
-2.040772
-2.032489
-2.032489
2.063540
2.063540
2.223478
2.239886
2.239886
2.225624
2.130842
2.130842
2.057184
1.904762
1.904762
1.879889
1.879889
1.867310
1.860152
1.860152
1.840375
1.836650
1.836650
1.827760
1.823977
1.811068
1.811068
1.808628
1.808628
1.799224
1.795902
1.792605
1.792605
1.784813
1.781776
1.781776
1.779723
1.773425
1.773425
1.772247
1.764123
1.764123
1.763389
1.757820
1.757820
1.756410
1.748434
1.748434
1.747357
1.743405
1.743405
1.739754
1.740562
1.740562
1.739323
1.735173
1.735173
1.732908
1.732908
1.730135
1.725519
1.718324
1.718324
1.713692
1.706020
1.706020
1.699947
1.702008
1.702008
1.681612
1.684339
1.684339
1.656112
1.660017
1.660017
1.635491
1.598137
1.598137
1.581245
1.514021
1.514021
1.476346
1.267640
1.267640
1.081430
1.081430
-1.526391
-1.825211
-1.825211
-2.084729
-2.138008
-2.138008
-2.203458
-2.219911
-2.219911
-2.233934
-2.258392
-2.258392
-2.263221
-2.275203
-2.275203
-2.280683
-2.292589
-2.292589
-2.295928
-2.295928
-2.299572
-2.301090
-2.301090
-2.301828
-2.302948
-2.302948
-2.304213
-2.306102
-2.306102
-2.302357
-2.303903
-2.303903
-2.301847
-2.301847
-2.300048
-2.291589
-2.291589
-2.288933
-2.283178
-2.283178
-2.279238
-2.267397
-2.267397
-2.268480
-2.270777
-2.270777
-2.271276
-2.271924
-2.271924
-2.272081
-2.272238
-2.272238
-2.272252
-2.272252
-2.272044
-2.271845
-2.271845
-2.271378
-2.271068
-2.271068
-2.270269
-2.269775
-2.269775
-2.268765
-2.268245
-2.268245
-2.267112
-2.267112
-2.266463
-2.265153
-2.265153
-2.264455
-2.262979
-2.262979
-2.262451
-2.260726
-2.260726
-2.259775
-2.258054
-2.258054
-2.257206
-2.255304
-2.255304
-2.254372
-2.252438
-2.252438
-2.251436
-2.251436
-2.249341
-2.248283
-2.248283
-2.246100
-2.244992
-2.244992
-2.242726
-2.241567
-2.241567
-2.240205
-2.238003
-2.238003
-2.235436
-2.234135
-2.234135
-2.232569
-2.230242
-2.230242
-2.228655
-2.226041
-2.226041
-2.224382
-2.221805
-2.221805
-2.220034
-2.218801
-2.218801
-2.215487
-2.214120
-2.214120
-2.210600
-2.210600
-2.209192
-2.205758
-2.205758
-2.204015
-2.202202
-2.202202
-2.198616
-2.194670
-2.194670
-2.192989
-2.191004
-2.191004
-2.186922
-2.184923
-2.184923
-2.180351
-2.178724
-2.178724
-2.173945
-2.171123
-2.171123
-2.165936
-2.163393
-2.163393
-2.158031
-2.155200
-2.155200
-2.149194
-2.146347
-2.146347
-2.140065
-2.140065
-2.136913
-2.130092
-2.130092
-2.126883
-2.126883
-2.119037
-2.115247
-2.115247
-2.107174
-2.103326
-2.103326
-2.094361
-2.090028
-2.090028
-2.080317
-2.075433
-2.075433
-2.064398
-2.064398
-2.059152
-2.046012
-2.046012
-2.039806
-2.025071
-2.025071
-2.018187
-2.000018
-2.000018
-1.991718
-1.970514
-1.970514
-1.960691
-1.960691
-1.935311
-1.921685
-1.921685
-1.888393
-1.870771
-1.870771
-1.827394
-1.827394
-1.800692
-1.736547
-1.699301
-1.699301
-1.602704
-1.602704
-1.551339
-1.367136
-1.367136
-1.250401
-0.711363
-0.711363
-0.296496
0.719871
0.719871
0.995943
0.934752
0.934752
1.015639
1.015639
1.252604
1.355822
1.355822
1.369139
1.386619
1.386619
1.458948
1.475219
1.475219
1.490118
1.498497
1.498497
1.518813
1.524616
1.524616
1.531385
1.538144
1.538144
1.549527
1.550443
1.550443
1.554515
1.555108
1.555108
1.563766
1.563766
1.562050
1.561722
1.561722
1.561745
1.565069
1.565069
1.560704
1.557401
1.557401
1.550978
1.542959
1.542959
1.544863
1.538235
1.538235
1.528213
1.528213
1.517876
1.502983
1.486139
1.486139
1.478340
1.465533
1.465533
1.427847
1.362692
1.362692
1.335305
1.189970
1.189970
1.092957
1.092957
0.381794
-0.402857
-0.402857
-1.743547
-1.877984
-1.877984
-2.053362
-2.093912
-2.093912
-2.159385
-2.159385
-2.178130
-2.215111
-2.215111
-2.224395
-2.243323
-2.243323
-2.247723
-2.262548
-2.262548
-2.266988
-2.274377
-2.274377
-2.274336
-2.278707
-2.278707
-2.279080
-2.285988
-2.285988
-2.283196
-2.282822
-2.282822
-2.278368
-2.276991
-2.276991
-2.274786
-2.276600
-2.276600
-2.264588
-2.264588
-2.263818
-2.244983
-2.244983
-2.240236
-2.243220
-2.243220
-2.244384
-2.245703
-2.245703
-2.246077
-2.246627
-2.246627
-2.246767
-2.246785
-2.246785
-2.246663
-2.246447
-2.246447
-2.245955
-2.245955
-2.245514
-2.244672
-2.244672
-2.243521
-2.242878
-2.242878
-2.242110
-2.240787
-2.240787
-2.239211
-2.239211
-2.238383
-2.236716
-2.236716
-2.235788
-2.233890
-2.233890
-2.232973
-2.230885
-2.230885
-2.229740
-2.229740
-2.227460
-2.226399
-2.226399
-2.224020
-2.222800
-2.222800
-2.220206
-2.218915
-2.218915
-2.216169
-2.214766
-2.214766
-2.213073
-2.210291
-2.210291
-2.208519
-2.208519
-2.205688
-2.203799
-2.203799
-2.200702
-2.198745
-2.198745
-2.195428
-2.193168
-2.193168
-2.190015
-2.187636
-2.187636
-2.183877
-2.183877
-2.181466
-2.178307
-2.178307
-2.176986
-2.170626
-2.170626
-2.167888
-2.163356
-2.163356
-2.160303
-2.155447
-2.155447
-2.151930
-2.151930
-2.146792
-2.140759
-2.140759
-2.137863
-2.131333
-2.131333
-2.128111
-2.123971
-2.123971
-2.117344
-2.112921
-2.112921
-2.105497
-2.105497
-2.100116
-2.092164
-2.092164
-2.086685
-2.077409
-2.077409
-2.070740
-2.060529
-2.060529
-2.052911
-2.040612
-2.040612
-2.032294
-2.018733
-2.018733
-2.009280
-1.993260
-1.993260
-1.981918
-1.961591
-1.961591
-1.948372
-1.938064
-1.938064
-1.907421
-1.877424
-1.877424
-1.851807
-1.851807
-1.833915
-1.778597
-1.778597
-1.753583
-1.669694
-1.669694
-1.583389
-1.566775
-1.566775
-1.331014
-1.331014
-1.095234
-0.584625
-0.584625
0.001293
0.820223
0.820223
1.127302
1.127302
1.375088
1.487828
1.487828
1.295570
1.302621
1.302621
1.361570
1.361570
1.423088
1.458403
1.458403
1.488998
1.495743
1.505148
1.505148
1.516452
1.516452
1.534324
1.536449
1.536449
1.542508
1.547035
1.547035
1.557328
1.557328
1.558022
1.559977
1.559977
1.560592
1.565743
1.565743
1.563964
1.563387
1.563387
1.562460
1.558207
1.558207
1.557885
1.550299
1.550299
1.543501
1.538304
1.538304
1.534604
1.534604
1.529548
1.515711
1.515711
1.503670
1.482108
1.482108
1.483160
1.483160
1.439299
1.404204
1.404204
1.359445
1.291642
1.291642
1.152586
1.152586
0.903663
0.057158
0.057158
-1.287604
-1.844258
-1.844258
-1.977901
-2.084580
-2.084580
-2.125164
-2.175678
-2.175678
-2.195368
-2.195368
-2.217123
-2.230858
-2.230858
-2.243997
-2.259072
-2.259072
-2.267531
-2.271549
-2.271549
-2.273844
-2.273844
-2.276944
-2.279476
-2.279476
-2.285059
-2.284146
-2.284146
-2.279709
-2.279425
-2.279425
-2.277395
-2.277005
-2.277005
-2.266923
-2.263414
-2.263414
-2.260273
-2.260968
-2.260968
-2.255486
-2.255486
-2.242021
-2.245266
-2.245266
-2.246037
-2.246853
-2.246853
-2.247024
-2.247024
-2.247263
-2.247295
-2.247295
-2.247056
-2.246807
-2.246807
-2.246230
-2.245757
-2.245757
-2.245208
-2.244326
-2.244326
-2.243602
-2.242380
-2.242380
-2.241657
-2.240110
-2.240110
-2.239202
-2.237610
-2.237610
-2.236547
-2.234852
-2.234852
-2.233680
-2.232844
-2.232844
-2.230552
-2.229607
-2.229607
-2.227243
-2.226306
-2.226306
-2.223703
-2.223703
-2.222566
-2.219960
-2.218871
-2.218871
-2.215898
-2.215898
-2.214666
-2.211666
-2.211666
-2.210404
-2.207131
-2.207131
-2.205753
-2.202133
-2.202133
-2.200663
-2.197065
-2.197065
-2.195359
-2.193446
-2.193446
-2.189772
-2.187874
-2.187874
-2.183788
-2.182277
-2.182277
-2.177722
-2.175195
-2.175195
-2.172404
-2.168213
-2.168213
-2.165445
-2.163427
-2.163427
-2.157953
-2.152915
-2.152915
-2.149660
-2.144497
-2.144497
-2.141030
-2.138154
-2.138154
-2.131248
-2.131248
-2.124797
-2.120650
-2.120650
-2.113556
-2.108964
-2.108964
-2.101382
-2.101382
-2.096055
-2.087615
-2.087615
-2.082169
-2.073078
-2.073078
-2.066337
-2.055850
-2.055850
-2.048446
-2.042863
-2.042863
-2.027853
-2.021747
-2.021747
-2.004823
-1.997312
-1.997312
-1.978539
-1.978539
-1.957964
-1.943554
-1.943554
-1.933069
-1.901323
-1.901323
-1.872015
-1.847812
-1.847812
-1.805635
-1.770436
-1.770436
-1.743962
-1.743962
-1.699615
-1.559387
-1.559387
-1.448527
-1.368327
-1.368327
-1.013066
-0.790910
-0.790910
0.315126
0.277865
0.277865
0.724172
0.724172
1.012020
1.331884
1.321597
1.321597
1.345748
1.359157
1.359157
1.408147
1.454001
1.454001
1.464462
1.483996
1.483996
1.491652
