1558358449	37.011749	0.000000	3.611055
1558358450	37.011749	0.000000	3.611055
1558358451	37.011749	0.000000	3.611055
1558358452	37.011749	0.000000	3.611055
1558358453	37.011749	0.000000	3.611055
1558358454	37.011749	0.000000	3.611055
1558358455	37.011749	0.000000	3.611055
1558358456	36.986115	0.000000	3.611055
1558358457	36.998962	0.000000	3.609270
1558358458	36.973328	0.000000	3.609270
1558358459	36.973328	0.000000	3.609270
1558358460	36.973328	0.000000	3.609270
1558358461	36.960541	0.000000	3.609270
1558358462	36.960541	0.000000	3.609270
1558358463	36.960541	0.000000	3.609270
1558358464	36.947693	0.000000	3.609270
1558358465	36.947693	0.000000	3.609270
1558358466	36.947693	0.000000	3.609270
1558358467	36.947693	0.000000	3.611055
1558358468	36.934906	0.000000	3.611055
1558358469	36.934906	0.000000	3.611055
1558358470	36.934906	45.000000	3.611055
1558358471	36.922089	45.000000	3.609270
1558358472	36.922089	45.000000	3.609270
1558358473	36.909302	45.000000	3.611055
1558358474	36.896484	45.000000	3.609270
1558358475	36.896484	45.000000	3.609270
1558358476	36.896484	45.000000	3.609270
1558358477	36.896484	45.000000	3.609270
1558358478	36.896484	45.000000	3.609270
1558358479	36.883667	45.000000	3.611055
1558358480	36.870880	45.000000	3.611055
1558358481	36.870880	45.000000	3.611055
1558358482	36.870880	45.000000	3.609270
1558358483	36.858032	45.000000	3.609270
1558358484	36.845245	45.000000	3.609270
1558358485	36.845245	45.000000	3.609270
1558358486	36.845245	45.000000	3.609270
1558358487	36.845245	45.000000	3.609270
1558358488	36.845245	45.000000	3.609270
1558358489	36.832458	45.000000	3.607485
1558358490	36.832458	45.000000	3.607485
1558358491	36.819641	45.000000	3.609270
1558358492	36.819641	45.000000	3.607485
1558358493	36.819641	45.000000	3.607485
1558358494	36.806824	45.000000	3.607485
1558358495	36.806824	45.000000	8.810760
1558358496	36.794006	45.000000	10.743916
1558358497	36.794006	45.000000	10.743916
1558358498	36.794006	45.000000	16.177454
1558358499	36.794006	45.000000	21.418215
1558358500	36.794006	45.000000	21.418215
1558358501	36.781219	45.000000	21.571726
1558358502	36.768433	45.000000	25.395193
1558358503	36.768433	45.000000	25.395193
1558358504	36.768433	45.000000	28.176228
1558358505	36.781219	45.000000	32.726189
1558358506	36.781219	45.000000	32.726189
1558358507	36.768433	45.000000	35.887424
1558358508	36.768433	45.000000	37.347557
1558358509	36.768433	45.000000	37.347557
1558358510	36.781219	45.000000	40.230331
1558358511	36.794006	45.000000	43.877087
1558358512	36.794006	45.000000	43.877087
1558358513	36.819641	45.000000	47.788021
1558358514	36.819641	45.000000	49.990711
1558358515	36.819641	45.000000	49.990711
1558358516	36.870880	45.000000	55.374275
1558358517	36.896484	45.000000	57.644798
1558358518	36.896484	45.000000	57.644798
1558358519	36.947693	45.000000	59.381599
1558358520	37.011749	45.000000	62.978371
1558358521	37.088623	45.000000	66.976768
1558358522	37.088623	45.000000	66.976768
1558358523	37.191040	45.000000	70.296875
1558358524	37.293488	45.000000	71.646332
1558358525	37.293488	45.000000	71.646332
1558358526	37.344757	45.000000	74.504112
1558358527	37.421570	45.000000	79.180817
1558358528	37.421570	45.000000	79.180817
1558358529	37.652130	45.000000	81.915436
1558358530	37.754578	45.000000	87.750603
1558358531	37.754578	45.000000	87.750603
1558358532	38.023499	45.000000	88.375351
1558358533	38.164337	45.000000	89.765869
1558358534	38.164337	45.000000	89.765869
1558358535	38.394897	45.000000	93.484024
1558358536	38.689453	45.000000	95.681358
1558358537	38.689453	45.000000	95.681358
1558358538	38.971222	45.000000	100.838219
1558358539	39.329834	45.000000	103.342583
1558358540	39.675629	45.000000	98.847946
1558358541	39.675629	45.000000	98.847946
1558358542	39.867737	45.000000	101.789627
1558358543	40.520905	45.000000	98.744415
1558358544	40.520905	45.000000	98.744415
1558358545	40.764191	45.000000	98.737282
1558358546	41.045959	45.000000	98.737282
1558358547	41.045959	45.000000	98.737282
1558358548	41.801605	45.000000	98.739067
1558358549	42.121765	45.000000	98.739067
1558358550	42.121765	45.000000	98.739067
1558358551	42.979858	45.000000	98.926491
1558358552	43.351257	45.000000	103.344360
1558358553	43.351257	45.000000	103.344360
1558358554	43.966003	45.000000	98.756912
1558358555	44.721619	45.000000	103.296173
1558358556	44.721619	45.000000	103.296173
1558358557	45.387573	45.000000	103.333649
1558358558	46.194427	45.000000	103.333649
1558358559	46.194427	45.000000	103.333649
1558358560	46.898804	45.000000	98.751556
1558358561	47.756866	45.000000	103.333649
1558358562	47.756866	45.000000	103.333649
1558358563	48.499725	45.000000	99.067505
1558358564	48.909515	45.000000	93.144875
1558358565	49.383392	45.000000	88.837662
1558358566	49.383392	45.000000	88.837662
1558358567	50.151794	45.000000	88.725212
1558358568	51.035522	45.000000	83.173866
1558358569	51.035522	45.000000	83.173866
1558358570	52.264984	45.000000	77.861702
1558358571	52.751648	45.000000	75.666145
1558358572	52.751648	45.000000	75.666145
1558358573	53.507294	45.000000	70.341499
1558358574	54.390961	45.000000	67.017830
1558358575	54.390961	45.000000	67.017830
1558358576	55.133759	45.000000	65.854004
1558358577	55.953461	45.000000	59.742172
1558358578	55.953461	45.000000	55.588470
1558358579	55.953461	45.000000	55.588470
1558358580	56.990814	45.000000	52.307640
1558358581	57.400604	45.000000	47.124001
1558358582	57.400604	45.000000	47.124001
1558358583	58.348328	45.000000	44.326908
1558358584	58.719757	45.000000	42.002834
1558358585	58.719757	45.000000	42.002834
1558358586	59.577820	45.000000	36.738869
1558358587	59.898010	45.000000	33.011791
1558358588	59.898010	45.000000	33.011791
1558358589	60.384674	45.000000	29.090145
1558358590	60.922577	45.000000	25.845015
1558358591	60.922577	45.000000	25.845015
1558358592	61.319580	45.000000	17.862495
1558358593	61.780670	45.000000	17.853569
1558358594	61.780670	45.000000	17.853569
1558358595	62.126434	45.000000	13.160806
1558358596	62.485046	45.000000	7.100730
1558358597	62.485046	45.000000	7.100730
1558358598	62.766785	45.000000	5.672730
1558358599	62.907654	45.000000	3.484320
1558358600	62.907654	45.000000	3.484320
1558358601	63.061371	45.000000	3.487890
1558358602	63.368713	45.000000	3.493245
1558358603	63.368713	45.000000	3.493245
1558358604	63.650482	45.000000	3.498600
1558358605	63.727325	45.000000	3.503955
1558358606	63.727325	45.000000	3.503955
1558358607	63.804169	45.000000	3.509310
1558358608	63.970642	45.000000	3.511095
1558358609	63.970642	45.000000	3.511095
1558358610	64.021912	45.000000	3.514665
1558358611	64.111542	45.000000	3.520020
1558358612	64.111542	45.000000	3.520020
1558358613	64.137146	45.000000	3.525375
1558358614	64.188385	45.000000	3.527160
1558358615	64.188385	45.000000	3.527160
1558358616	64.201202	45.000000	3.532515
1558358617	64.201202	45.000000	3.536085
1558358618	64.201202	45.000000	3.536085
1558358619	64.188385	45.000000	3.537870
1558358620	64.162750	45.000000	3.541440
1558358621	64.162750	45.000000	3.541440
1558358622	64.149963	45.000000	3.545010
1558358623	64.124359	45.000000	3.548580
1558358624	64.047485	45.000000	3.550365
1558358625	64.047485	45.000000	3.550365
1558358626	64.021912	45.000000	3.553935
1558358627	64.021912	45.000000	3.553935
1558358628	63.906616	45.000000	3.555720
1558358629	63.880981	45.000000	3.557505
1558358630	63.804169	45.000000	3.559290
1558358631	63.804169	45.000000	3.559290
1558358632	63.701691	45.000000	3.562860
1558358633	63.586456	45.000000	3.564645
1558358634	63.586456	45.000000	3.564645
1558358635	63.522400	45.000000	3.566430
1558358636	63.432739	45.000000	3.570000
1558358637	63.432739	45.000000	3.570000
1558358638	63.317474	45.000000	3.571785
1558358639	63.215057	45.000000	3.571785
1558358640	63.215057	45.000000	3.571785
1558358641	63.086975	45.000000	3.573570
1558358642	63.086975	45.000000	3.575355
1558358643	63.086975	45.000000	3.575355
1558358644	62.933289	45.000000	3.577140
1558358645	62.869232	45.000000	3.577140
1558358646	62.702759	45.000000	3.578925
1558358647	62.702759	45.000000	3.578925
1558358648	62.638733	45.000000	3.580710
1558358649	62.523468	45.000000	3.582495
1558358650	62.523468	45.000000	3.582495
1558358651	62.395386	45.000000	3.582495
1558358652	62.280151	45.000000	3.584280
1558358653	62.280151	45.000000	3.584280
1558358654	62.139252	45.000000	3.586065
1558358655	62.139252	45.000000	3.586065
1558358656	62.036804	45.000000	3.586065
1558358657	61.895905	45.000000	3.587850
1558358658	61.895905	45.000000	3.587850
1558358659	61.780670	45.000000	3.589635
1558358660	61.639771	45.000000	3.589635
1558358661	61.639771	45.000000	3.591420
1558358662	61.639771	45.000000	3.591420
1558358663	61.447662	45.000000	3.591420
1558358664	61.383606	45.000000	3.591420
1558358665	61.383606	45.000000	3.591420
1558358666	61.191528	45.000000	3.593205
1558358667	61.127502	45.000000	3.593205
1558358668	60.999420	45.000000	3.594990
1558358669	60.999420	45.000000	3.594990
1558358670	60.858521	45.000000	3.594990
1558358671	60.743256	45.000000	3.596775
1558358672	60.743256	45.000000	3.596775
1558358673	60.589569	45.000000	3.596775
1558358674	60.487122	45.000000	3.598560
1558358675	60.423065	45.000000	3.598560
1558358676	60.423065	45.000000	3.598560
1558358677	60.346252	45.000000	3.598560
1558358678	60.154114	45.000000	3.598560
1558358679	60.154114	45.000000	3.598560
1558358680	60.090088	45.000000	3.598560
1558358681	59.898010	45.000000	3.600345
1558358682	59.898010	45.000000	3.600345
1558358683	59.833984	45.000000	3.600345
1558358684	59.641876	45.000000	3.602130
1558358685	59.641876	45.000000	3.602130
1558358686	59.577820	45.000000	3.602130
1558358687	59.449768	45.000000	3.602130
1558358688	59.449768	45.000000	3.602130
1558358689	59.321686	45.000000	3.602130
1558358690	59.206451	45.000000	3.602130
1558358691	59.206451	45.000000	3.602130
1558358692	59.078369	45.000000	3.603915
1558358693	59.078369	45.000000	3.603915
1558358694	59.078369	45.000000	3.603915
1558358695	58.950287	45.000000	3.603915
1558358696	58.809387	45.000000	3.603915
1558358697	58.642914	45.000000	3.605700
1558358698	58.642914	45.000000	3.605700
1558358699	58.553253	45.000000	3.605700
1558358700	58.437988	45.000000	3.605700
1558358701	58.437988	45.000000	3.605700
1558358702	58.284302	45.000000	3.605700
1558358703	58.181854	45.000000	3.605700
1558358704	58.181854	45.000000	3.605700
1558358705	58.053772	45.000000	3.607485
1558358706	57.925720	45.000000	3.607485
1558358707	57.925720	45.000000	3.607485
1558358708	57.861694	45.000000	3.607485
1558358709	57.797668	45.000000	3.607485
1558358710	57.797668	45.000000	3.607485
1558358711	57.618347	45.000000	3.607485
1558358712	57.554291	45.000000	3.607485
1558358713	57.362213	45.000000	3.609270
1558358714	57.362213	45.000000	3.609270
1558358715	57.298157	45.000000	3.607485
1558358716	57.131683	45.000000	3.609270
1558358717	57.131683	45.000000	3.609270
1558358718	57.067657	45.000000	3.609270
1558358719	56.952393	45.000000	3.609270
1558358720	56.952393	45.000000	3.609270
1558358721	56.824310	45.000000	3.609270
1558358722	56.721863	45.000000	3.609270
1558358723	56.721863	45.000000	3.609270
1558358724	56.580994	45.000000	3.609270
1558358725	56.478516	45.000000	3.609270
1558358726	56.427307	45.000000	3.611055
1558358727	56.427307	45.000000	3.611055
1558358728	56.350433	45.000000	3.611055
1558358729	56.196747	45.000000	3.611055
1558358730	56.196747	45.000000	3.611055
1558358731	56.132721	45.000000	3.612840
1558358732	56.030273	45.000000	3.612840
1558358733	56.030273	45.000000	3.612840
1558358734	55.902191	45.000000	3.612840
1558358735	55.799744	45.000000	3.612840
1558358736	55.799744	45.000000	3.612840
1558358737	55.684448	45.000000	3.612840
1558358738	55.582031	45.000000	3.612840
1558358739	55.582031	45.000000	3.612840
1558358740	55.441132	45.000000	3.612840
1558358741	55.351501	45.000000	3.612840
1558358742	55.351501	45.000000	3.612840
1558358743	55.287445	45.000000	3.612840
1558358744	55.236206	45.000000	3.612840
1558358745	55.095337	45.000000	3.614625
1558358746	55.095337	45.000000	3.614625
1558358747	55.031311	45.000000	3.614625
1558358748	54.877625	45.000000	3.612840
1558358749	54.877625	45.000000	3.612840
1558358750	54.813599	45.000000	3.614625
1558358751	54.723938	45.000000	3.614625
1558358752	54.723938	45.000000	3.614625
1558358753	54.608643	45.000000	3.614625
1558358754	54.519012	45.000000	3.614625
1558358755	54.519012	45.000000	3.614625
1558358756	54.403778	45.000000	3.614625
1558358757	54.314117	45.000000	3.614625
1558358758	54.211670	45.000000	3.616410
1558358759	54.211670	45.000000	3.616410
1558358760	54.211670	45.000000	3.614625
1558358761	54.070801	45.000000	3.616410
1558358762	54.070801	45.000000	3.616410
1558358763	54.006744	45.000000	3.616410
1558358764	53.929932	45.000000	3.616410
1558358765	53.814667	45.000000	3.616410
1558358766	53.814667	45.000000	3.616410
1558358767	53.725006	45.000000	3.616410
1558358768	53.673767	45.000000	3.618195
1558358769	53.622559	45.000000	3.616410
1558358770	53.532898	45.000000	3.618195
1558358771	53.430450	45.000000	3.616410
1558358772	53.430450	45.000000	3.616410
1558358773	53.430450	45.000000	3.618195
1558358774	53.289551	45.000000	3.616410
1558358775	53.238312	45.000000	3.618195
1558358776	53.238312	45.000000	3.618195
1558358777	53.161469	45.000000	3.618195
1558358778	53.046204	45.000000	3.618195
1558358779	52.943756	45.000000	3.618195
1558358780	52.943756	45.000000	3.618195
1558358781	52.905334	45.000000	3.618195
1558358782	52.854095	45.000000	3.616410
1558358783	52.713226	45.000000	3.616410
1558358784	52.713226	45.000000	3.616410
1558358785	52.674805	45.000000	3.618195
1558358786	52.546722	45.000000	3.616410
1558358787	52.546722	45.000000	3.616410
1558358788	52.482697	45.000000	3.616410
1558358789	52.405853	45.000000	3.616410
1558358790	52.354645	45.000000	3.616410
1558358791	52.354645	45.000000	3.616410
1558358794	52.316223	45.000000	3.616410
1558358795	52.316223	45.000000	3.616410
1558358796	52.008850	45.000000	3.618195
1558358797	52.008850	45.000000	3.618195
1558358798	51.957611	45.000000	3.618195
1558358799	51.867950	45.000000	3.618195
1558358800	51.765503	45.000000	3.618195
1558358801	51.765503	45.000000	3.618195
1558358802	51.688660	45.000000	3.616410
1558358803	51.611816	45.000000	3.618195
1558358804	51.611816	45.000000	3.618195
1558358805	51.611816	45.000000	3.616410
1558358806	51.496552	45.000000	3.618195
1558358807	51.432526	45.000000	3.616410
1558358809	51.432526	45.000000	3.616410
1558358810	51.278839	45.000000	3.618195
1558358811	51.278839	45.000000	3.618195
1558358812	51.189209	45.000000	3.616410
1558358813	51.112366	45.000000	3.618195
1558358814	51.112366	45.000000	3.618195
1558358815	50.984283	45.000000	3.616410
1558358816	50.984283	45.000000	3.616410
1558358817	50.945892	45.000000	3.616410
1558358818	50.869019	45.000000	3.618195
1558358819	50.830597	45.000000	3.616410
1558358820	50.804962	45.000000	3.616410
1558358821	50.804962	45.000000	3.616410
1558358822	50.715302	45.000000	3.616410
1558358823	50.625671	45.000000	3.618195
1558358824	50.625671	45.000000	3.618195
1558358825	50.548828	45.000000	3.616410
1558358826	50.459167	45.000000	3.616410
1558358827	50.459167	45.000000	3.616410
1558358828	50.343933	45.000000	3.618195
1558358829	50.343933	45.000000	3.618195
1558358830	50.292694	45.000000	3.616410
1558358831	50.228668	45.000000	3.616410
1558358835	50.139008	45.000000	3.616410
1558358836	50.139008	45.000000	3.616410
1558358838	49.985321	45.000000	3.616410
1558358839	49.985321	45.000000	3.616410
1558358843	49.844421	45.000000	3.616410
1558358844	49.844421	45.000000	3.616410
1558358845	49.575500	45.000000	3.616410
1558358846	49.575500	45.000000	3.616410
1558358847	49.473022	45.000000	3.616410
1558358848	49.473022	45.000000	3.616410
1558358852	49.383392	45.000000	3.616410
1558358857	49.383392	45.000000	3.616410
1558358859	49.383392	45.000000	3.616410
1558358860	48.845490	45.000000	3.616410
1558358861	48.845490	45.000000	3.616410
1558358862	48.807068	45.000000	3.616410
1558358863	48.704620	45.000000	3.616410
1558358864	48.704620	45.000000	3.616410
1558358865	48.666229	45.000000	3.616410
1558358866	48.576569	45.000000	3.616410
1558358867	48.576569	45.000000	3.616410
1558358868	48.538116	45.000000	3.616410
1558358869	48.448486	45.000000	3.616410
1558358870	48.448486	45.000000	3.616410
1558358871	48.410065	45.000000	3.616410
1558358872	48.333221	45.000000	3.616410
1558358873	48.333221	45.000000	3.616410
1558358874	48.256348	45.000000	3.616410
1558358875	48.205170	45.000000	3.614625
1558358876	48.205170	45.000000	3.614625
1558358877	48.128296	45.000000	3.614625
1558358878	48.064270	45.000000	3.614625
1558358879	48.038635	45.000000	3.614625
1558358880	48.038635	45.000000	3.614625
1558358881	48.013062	45.000000	3.614625
1558358882	47.910553	45.000000	3.614625
1558358883	47.910553	45.000000	3.614625
1558358884	47.872131	45.000000	3.614625
1558358885	47.820892	45.000000	3.614625
1558358886	47.820892	45.000000	3.614625
1558358887	47.769714	45.000000	3.612840
1558358888	47.692841	45.000000	3.614625
1558358889	47.692841	45.000000	3.614625
1558358890	47.628815	45.000000	3.614625
1558358891	47.564758	45.000000	3.612840
1558358892	47.539185	45.000000	3.612840
1558358893	47.539185	45.000000	3.612840
1558358894	47.500732	45.000000	3.612840
1558358895	47.500732	45.000000	3.612840
1558358896	47.411102	45.000000	3.612840
1558358897	47.372650	45.000000	3.612840
1558358898	47.372650	45.000000	3.612840
1558358899	47.283020	45.000000	3.614625
1558358900	47.244598	45.000000	3.612840
1558358901	47.167755	45.000000	3.612840
1558358902	47.167755	45.000000	3.612840
1558358903	47.116516	45.000000	3.612840
1558358904	47.039673	45.000000	3.612840
1558358905	47.039673	45.000000	3.612840
1558358906	47.001282	45.000000	3.612840
1558358907	46.937225	45.000000	3.612840
1558358908	46.937225	45.000000	3.612840
1558358909	46.885986	45.000000	3.612840
1558358910	46.834778	45.000000	3.612840
1558358911	46.809174	45.000000	3.612840
1558358912	46.809174	45.000000	3.612840
1558358913	46.770752	45.000000	3.611055
1558358914	46.693878	45.000000	3.611055
1558358915	46.693878	45.000000	3.611055
1558358916	46.655487	45.000000	3.612840
1558358917	46.604248	45.000000	3.612840
1558358918	46.540192	45.000000	3.611055
1558358919	46.540192	45.000000	3.611055
1558358920	46.488983	45.000000	3.612840
1558358921	46.424957	45.000000	3.612840
1558358922	46.424957	45.000000	3.612840
1558358923	46.373718	45.000000	3.612840
1558358924	46.348083	45.000000	3.612840
1558358925	46.309692	45.000000	3.612840
1558358926	46.309692	45.000000	3.612840
1558358927	46.245636	45.000000	3.612840
1558358928	46.207245	45.000000	3.611055
1558358929	46.207245	45.000000	3.611055
1558358930	46.130402	45.000000	3.611055
1558358931	46.104767	45.000000	3.612840
1558358932	46.104767	45.000000	3.612840
1558358933	46.053558	45.000000	3.611055
1558358934	45.989532	45.000000	3.612840
1558358935	45.989532	45.000000	3.612840
1558358936	45.938293	45.000000	3.612840
1558358937	45.887054	45.000000	3.611055
1558358938	45.887054	45.000000	3.611055
1558358939	45.823029	45.000000	5.460315
1558358940	45.810211	45.000000	5.633461
1558358941	45.810211	45.000000	5.633461
1558358942	45.771820	45.000000	3.573570
1558358943	45.694977	45.000000	3.575355
1558358944	45.656555	45.000000	3.577140
1558358945	45.656555	45.000000	3.577140
1558358946	45.579681	45.000000	3.577140
1558358947	45.554077	45.000000	3.578925
1558358948	45.554077	45.000000	3.578925
1558358949	45.502838	45.000000	7.102516
1558358950	45.451599	45.000000	3.594990
1558358951	45.451599	45.000000	3.594990
1558358952	45.400391	45.000000	4.871265
1558358953	45.336365	45.000000	7.107870
1558358954	45.336365	45.000000	7.107870
1558358955	45.297913	45.000000	3.728865
1558358956	45.272339	45.000000	3.603915
1558358957	45.246735	45.000000	3.603915
1558358958	45.246735	45.000000	3.603915
1558358959	45.182678	45.000000	3.603915
1558358960	45.144226	45.000000	7.107870
1558358961	45.144226	45.000000	7.107870
1558358962	45.080200	45.000000	4.269720
1558358963	45.054596	45.000000	6.843690
1558358964	45.054596	45.000000	6.843690
1558358965	45.016144	45.000000	3.805620
1558358966	44.964966	45.000000	7.422030
1558358967	44.964966	45.000000	7.422030
1558358968	44.926514	45.000000	9.910320
1558358969	44.875305	45.000000	8.318100
1558358970	44.836884	45.000000	6.074355
1558358971	44.836884	45.000000	6.074355
1558358972	44.811279	45.000000	6.074355
1558358973	44.785645	45.000000	8.598346
1558358974	44.785645	45.000000	8.598346
1558358975	44.721619	45.000000	11.354385
1558358976	44.695984	45.000000	12.204045
1558358977	44.695984	45.000000	12.204045
1558358978	44.644775	45.000000	12.202261
1558358979	44.619141	45.000000	16.152466
1558358980	44.619141	45.000000	16.152466
1558358981	44.567902	45.000000	19.111996
1558358982	44.529510	45.000000	18.235561
1558358983	44.491058	45.000000	21.361095
1558358984	44.491058	45.000000	21.361095
1558358985	44.478271	45.000000	25.441605
1558358986	44.452667	45.000000	25.687937
1558358987	44.414246	45.000000	28.451118
1558358988	44.414246	45.000000	28.451118
1558358989	44.388611	45.000000	28.756350
1558358990	44.350220	45.000000	32.845787
1558358991	44.350220	45.000000	32.845787
1558358992	44.337402	45.000000	32.872562
1558358993	44.298950	45.000000	37.215466
1558358994	44.298950	45.000000	37.806301
1558358996	44.298950	45.000000	37.806301
1558358997	44.286194	45.000000	38.697018
1558358998	44.286194	45.000000	38.697018
1558358999	44.273346	45.000000	41.915371
1558359000	44.273346	45.000000	42.418743
1558359001	44.273346	45.000000	42.418743
1558359002	44.286194	45.000000	45.447887
1558359003	44.286194	45.000000	50.099598
1558359004	44.298950	45.000000	49.487339
1558359005	44.298950	45.000000	49.487339
1558359006	44.324585	45.000000	49.808643
1558359007	44.350220	45.000000	53.546429
1558359008	44.401428	45.000000	54.735245
1558359009	44.401428	45.000000	54.735245
1558359010	44.452667	45.000000	55.656296
1558359011	44.452667	45.000000	55.656296
1558359012	44.516693	45.000000	61.819904
1558359013	44.593536	45.000000	61.487896
1558359014	44.683197	45.000000	66.041428
1558359015	44.683197	45.000000	66.041428
1558359016	44.683197	45.000000	65.966461
1558359017	44.849670	45.000000	65.987885
1558359018	44.849670	45.000000	65.987885
1558359019	44.913696	45.000000	71.615990
1558359020	45.105804	45.000000	71.949783
1558359021	45.208282	45.000000	71.915871
1558359022	45.208282	45.000000	71.915871
1558359023	45.349152	45.000000	71.915871
1558359024	45.554077	45.000000	71.915871
1558359025	45.554077	45.000000	71.915871
1558359026	45.746185	45.000000	71.915871
1558359027	45.848633	45.000000	68.768906
1558359028	45.848633	45.000000	68.768906
1558359029	45.976715	45.000000	64.634857
1558359030	46.322479	45.000000	64.634857
1558359031	46.322479	45.000000	64.634857
1558359032	46.476166	45.000000	59.635067
1558359033	46.860382	45.000000	56.768353
1558359034	46.860382	45.000000	56.768353
1558359035	47.014069	45.000000	50.781464
1558359036	47.423920	45.000000	49.141052
1558359037	47.590393	45.000000	46.922295
1558359038	47.590393	45.000000	46.922295
1558359039	47.859344	45.000000	41.440563
1558359040	48.166718	45.000000	38.143665
1558359041	48.166718	45.000000	38.143665
1558359042	48.435669	45.000000	34.089931
1558359043	48.576569	45.000000	30.776972
1558359044	48.730255	45.000000	26.576864
1558359045	48.730255	45.000000	26.576864
1558359046	49.114441	45.000000	26.503679
1558359047	49.255280	45.000000	20.611395
1558359048	49.473022	45.000000	15.393840
1558359049	49.473022	45.000000	15.393840
1558359050	49.716339	45.000000	13.198291
1558359052	49.908478	45.000000	10.583265
1558359053	49.908478	45.000000	10.583265
1558359054	50.279877	45.000000	4.105500
1558359055	50.446381	45.000000	3.516450
1558359056	50.446381	45.000000	3.516450
1558359057	50.574463	45.000000	3.523590
1558359058	50.625671	45.000000	3.528945
1558359059	50.625671	45.000000	3.528945
1558359060	50.715302	45.000000	3.534300
1558359061	50.843384	45.000000	3.541440
1558359062	50.843384	45.000000	3.541440
1558359063	50.894623	45.000000	3.545010
1558359064	50.997070	45.000000	3.548580
1558359065	50.997070	45.000000	3.548580
1558359066	51.035522	45.000000	3.552150
1558359067	51.099548	45.000000	3.557505
1558359068	51.099548	45.000000	3.557505
1558359069	51.125153	45.000000	3.561075
1558359070	51.137970	45.000000	3.564645
1558359071	51.163574	45.000000	3.566430
1558359072	51.163574	45.000000	3.566430
1558359073	51.163574	45.000000	3.570000
1558359074	51.163574	45.000000	3.573570
1558359075	51.163574	45.000000	3.573570
1558359076	51.163574	45.000000	3.575355
1558359077	51.163574	45.000000	3.578925
1558359078	51.163574	45.000000	3.578925
1558359079	51.150757	45.000000	3.580710
1558359080	51.137970	45.000000	3.584280
1558359081	51.137970	45.000000	3.584280
1558359082	51.112366	45.000000	3.586065
1558359083	51.061096	45.000000	3.587850
1558359084	51.061096	45.000000	3.587850
1558359085	51.048340	45.000000	3.589635
1558359086	50.997070	45.000000	3.591420
1558359087	50.997070	45.000000	3.591420
1558359088	50.971466	45.000000	3.593205
1558359089	50.933044	45.000000	3.594990
1558359090	50.933044	45.000000	3.594990
1558359091	50.894623	45.000000	3.594990
1558359092	50.843384	45.000000	3.596775
1558359093	50.843384	45.000000	3.596775
1558359094	50.792175	45.000000	3.598560
1558359095	50.740936	45.000000	3.600345
1558359096	50.715302	45.000000	3.602130
1558359097	50.715302	45.000000	3.602130
1558359098	50.689728	45.000000	3.602130
1558359099	50.612885	45.000000	3.603915
1558359100	50.612885	45.000000	3.603915
1558359101	50.587250	45.000000	3.603915
1558359102	50.497589	45.000000	3.605700
1558359103	50.497589	45.000000	3.605700
1558359104	50.459167	45.000000	3.605700
1558359108	50.407959	45.000000	3.605700
1558359109	50.407959	45.000000	3.605700
1558359110	50.215851	45.000000	3.609270
1558359111	50.151794	45.000000	3.609270
1558359112	50.151794	45.000000	3.609270
1558359113	50.113403	45.000000	3.611055
1558359114	50.074982	45.000000	3.611055
1558359115	49.985321	45.000000	3.611055
1558359116	49.985321	45.000000	3.611055
1558359117	49.946899	45.000000	3.611055
1558359118	49.844421	45.000000	3.612840
1558359119	49.844421	45.000000	3.612840
1558359120	49.806030	45.000000	3.612840
1558359121	49.741974	45.000000	3.614625
1558359122	49.741974	45.000000	3.614625
1558359123	49.665131	45.000000	3.614625
1558359124	49.601105	45.000000	3.616410
1558359125	49.524261	45.000000	3.616410
1558359126	49.524261	45.000000	3.616410
1558359127	49.524261	45.000000	3.616410
1558359128	49.434601	45.000000	3.616410
1558359129	49.434601	45.000000	3.616410
1558359130	49.383392	45.000000	3.618195
1558359131	49.280914	45.000000	3.616410
1558359132	49.242493	45.000000	3.618195
1558359133	49.242493	45.000000	3.618195
1558359134	49.191254	45.000000	3.618195
1558359135	49.101624	45.000000	3.619980
1558359136	49.101624	45.000000	3.619980
1558359137	49.050385	45.000000	3.618195
1558359138	48.973541	45.000000	3.619980
1558359139	48.973541	45.000000	3.619980
1558359140	48.973541	45.000000	3.619980
1558359141	48.909515	45.000000	3.619980
1558359142	48.845490	45.000000	3.619980
1558359143	48.845490	45.000000	3.619980
1558359144	48.730255	45.000000	3.619980
1558359145	48.691803	45.000000	3.619980
1558359146	48.691803	45.000000	3.619980
1558359147	48.640594	45.000000	3.621765
1558359148	48.550934	45.000000	3.621765
1558359149	48.486877	45.000000	3.621765
1558359150	48.486877	45.000000	3.621765
1558359151	48.461304	45.000000	3.621765
1558359152	48.410065	45.000000	3.621765
1558359153	48.410065	45.000000	3.621765
1558359154	48.333221	45.000000	3.623550
1558359155	48.281982	45.000000	3.623550
1558359156	48.281982	45.000000	3.623550
1558359157	48.192322	45.000000	3.623550
1558359158	48.141144	45.000000	3.623550
1558359159	48.089874	45.000000	3.623550
1558359160	48.089874	45.000000	3.623550
1558359161	48.013062	45.000000	3.623550
1558359162	47.961823	45.000000	3.625335
1558359163	47.961823	45.000000	3.625335
1558359164	47.897766	45.000000	3.625335
1558359165	47.833740	45.000000	3.625335
1558359166	47.833740	45.000000	3.625335
1558359167	47.808105	45.000000	3.625335
1558359168	47.756866	45.000000	3.627120
1558359169	47.680054	45.000000	3.627120
1558359170	47.680054	45.000000	3.627120
1558359171	47.641632	45.000000	3.627120
1558359172	47.551971	45.000000	3.627120
1558359173	47.551971	45.000000	3.627120
1558359174	47.526367	45.000000	3.627120
1558359175	47.462311	45.000000	3.627120
1558359176	47.398285	45.000000	3.627120
1558359177	47.398285	45.000000	3.627120
1558359178	47.334259	45.000000	3.627120
1558359179	47.308624	45.000000	3.628905
1558359180	47.308624	45.000000	3.628905
1558359181	47.270233	45.000000	3.628905
1558359182	47.193359	45.000000	3.627120
1558359183	47.154968	45.000000	3.628905
1558359184	47.154968	45.000000	3.628905
1558359185	47.090942	45.000000	3.628905
1558359186	47.026886	45.000000	3.628905
1558359187	47.026886	45.000000	3.628905
1558359188	46.962860	45.000000	3.630690
1558359189	46.885986	45.000000	3.628905
1558359190	46.885986	45.000000	3.628905
1558359191	46.847565	45.000000	3.630690
1558359192	46.796356	45.000000	7.152495
1558359193	46.796356	45.000000	7.152495
1558359194	46.757904	45.000000	3.721725
1558359195	46.668274	45.000000	3.623550
1558359196	46.668274	45.000000	3.623550
1558359197	46.655487	45.000000	3.627120
1558359198	46.578613	45.000000	3.627120
1558359199	46.578613	45.000000	3.627120
1558359200	46.527405	45.000000	3.627120
1558359201	46.488983	45.000000	3.628905
1558359202	46.424957	45.000000	3.627120
1558359203	46.424957	45.000000	3.627120
1558359204	46.373718	45.000000	3.627120
1558359205	46.322479	45.000000	3.628905
1558359206	46.322479	45.000000	3.628905
1558359207	46.258453	45.000000	3.628905
1558359208	46.232819	45.000000	3.628905
1558359209	46.232819	45.000000	3.628905
1558359210	46.220032	45.000000	3.628905
1558359211	46.143188	45.000000	3.628905
1558359212	46.143188	45.000000	3.628905
1558359213	46.117584	45.000000	3.628905
1558359214	46.027924	45.000000	3.628905
1558359215	46.002319	45.000000	3.628905
1558359216	46.002319	45.000000	3.628905
1558359217	45.938293	45.000000	3.628905
1558359218	45.899872	45.000000	3.628905
1558359219	45.899872	45.000000	3.628905
1558359220	45.848633	45.000000	3.628905
1558359221	45.810211	45.000000	3.628905
1558359222	45.810211	45.000000	3.628905
1558359223	45.759003	45.000000	3.628905
1558359224	45.733368	45.000000	3.628905
1558359225	45.694977	45.000000	3.630690
1558359226	45.694977	45.000000	3.630690
1558359227	45.630920	45.000000	3.630690
1558359228	45.605316	45.000000	3.628905
1558359229	45.605316	45.000000	3.628905
1558359230	45.541260	45.000000	3.628905
1558359231	45.515656	45.000000	3.630690
1558359232	45.515656	45.000000	3.630690
1558359233	45.464447	45.000000	3.630690
1558359234	45.413177	45.000000	3.630690
1558359235	45.413177	45.000000	3.630690
1558359236	45.349152	45.000000	3.628905
1558359237	45.310760	45.000000	3.628905
1558359238	45.259521	45.000000	3.630690
1558359239	45.259521	45.000000	3.630690
1558359240	45.246735	45.000000	3.628905
1558359241	45.208282	45.000000	3.630690
1558359242	45.208282	45.000000	3.630690
1558359243	45.144226	45.000000	4.699905
1558359244	45.118652	45.000000	7.277445
1558359245	45.118652	45.000000	7.277445
1558359246	45.054596	45.000000	4.121565
1558359247	45.028992	45.000000	6.413505
1558359248	45.028992	45.000000	6.413505
1558359249	44.964966	45.000000	5.701290
1558359250	44.939331	45.000000	5.701290
1558359251	44.939331	45.000000	5.701290
1558359252	44.875305	45.000000	5.701290
1558359253	44.824066	45.000000	5.701290
1558359254	44.824066	45.000000	5.699505
1558359255	44.824066	45.000000	5.699505
1558359256	44.772858	45.000000	5.699505
1558359257	44.734406	45.000000	5.699505
1558359258	44.734406	45.000000	5.699505
1558359259	44.670380	45.000000	6.218940
1558359260	44.644775	45.000000	11.959500
1558359261	44.644775	45.000000	11.959500
1558359262	44.580719	45.000000	11.822055
1558359263	44.567902	45.000000	14.562030
1558359264	44.567902	45.000000	14.562030
1558359265	44.516693	45.000000	18.678240
1558359266	44.478271	45.000000	18.328379
1558359267	44.478271	45.000000	18.328379
1558359268	44.427032	45.000000	22.551689
1558359269	44.388611	45.000000	22.032255
1558359270	44.388611	45.000000	22.032255
1558359271	44.362976	45.000000	26.644695
1558359272	44.311768	45.000000	25.905708
1558359273	44.311768	45.000000	25.905708
1558359274	44.286194	45.000000	29.081219
1558359275	44.234924	45.000000	29.870192
1558359276	44.234924	45.000000	29.870192
1558359277	44.222137	45.000000	33.109966
1558359278	44.209320	45.000000	33.854313
1558359279	44.209320	45.000000	33.854313
1558359280	44.209320	45.000000	35.219837
1558359281	44.170898	45.000000	36.180164
1558359282	44.170898	45.000000	36.180164
1558359283	44.170898	45.000000	42.002834
1558359284	44.158112	45.000000	41.767216
1558359285	44.170898	45.000000	43.243412
1558359286	44.170898	45.000000	43.243412
1558359287	44.170898	45.000000	48.098610
1558359288	44.183685	45.000000	50.833233
1558359289	44.183685	45.000000	50.833233
1558359290	44.209320	45.000000	49.999638
1558359291	44.247742	45.000000	51.975624
1558359292	44.247742	45.000000	51.975624
1558359293	44.286194	45.000000	57.218178
1558359294	44.311768	45.000000	58.298100
1558359295	44.311768	45.000000	58.298100
1558359296	44.337402	45.000000	61.566437
1558359297	44.439850	45.000000	63.231842
1558359298	44.491058	45.000000	63.283604
1558359299	44.491058	45.000000	63.283604
1558359300	44.619141	45.000000	65.029335
1558359301	44.670380	45.000000	71.028725
1558359302	44.670380	45.000000	71.028725
1558359303	44.785645	45.000000	70.166565
1558359304	44.939331	45.000000	70.732407
1558359305	44.939331	45.000000	70.732407
1558359306	45.080200	45.000000	75.860718
1558359307	45.169861	45.000000	76.422989
1558359308	45.272339	45.000000	76.421204
1558359309	45.272339	45.000000	76.421204
1558359310	45.541260	45.000000	76.422989
1558359311	45.656555	45.000000	76.392647
1558359312	45.861450	45.000000	71.280411
1558359313	46.130402	45.000000	69.154472
1558359314	46.130402	45.000000	69.154472
1558359315	46.130402	45.000000	70.516426
1558359316	46.514587	45.000000	67.756821
1558359317	46.681091	45.000000	61.768139
1558359318	46.681091	45.000000	61.768139
1558359319	47.090942	45.000000	58.351654
1558359320	47.270233	45.000000	57.896477
1558359321	47.270233	45.000000	57.896477
1558359322	47.564758	45.000000	52.380829
1558359323	47.910553	45.000000	49.121418
1558359324	47.910553	45.000000	49.121418
1558359325	48.192322	45.000000	43.861019
1558359326	48.358826	45.000000	43.398705
1558359327	48.358826	45.000000	43.398705
1558359328	48.832703	45.000000	40.030411
1558359329	48.973541	45.000000	33.895363
1558359330	49.152832	45.000000	28.626045
1558359331	49.152832	45.000000	28.626045
1558359332	49.421814	45.000000	25.825382
1558359333	49.703552	45.000000	24.893612
1558359334	49.703552	45.000000	24.893612
1558359335	50.087769	45.000000	21.887671
1558359336	50.228668	45.000000	16.045366
1558359337	50.228668	45.000000	16.045366
1558359338	50.446381	45.000000	10.677871
1558359339	50.689728	45.000000	7.486290
1558359340	50.689728	45.000000	7.486290
1558359341	50.856201	45.000000	3.523590
1558359342	51.048340	45.000000	3.528945
1558359343	51.048340	45.000000	3.528945
1558359344	51.189209	45.000000	3.536085
1558359345	51.355682	45.000000	3.545010
1558359346	51.355682	45.000000	3.545010
1558359347	51.355682	45.000000	3.550365
1558359348	51.522186	45.000000	3.557505
1558359349	51.522186	45.000000	3.557505
1558359350	51.586212	45.000000	3.562860
1558359351	51.701477	45.000000	3.566430
1558359352	51.739868	45.000000	3.571785
1558359353	51.739868	45.000000	3.571785
1558359354	51.803925	45.000000	3.575355
1558359355	51.855133	45.000000	3.580710
1558359356	51.855133	45.000000	3.580710
1558359357	51.880768	45.000000	3.582495
1558359358	51.906372	45.000000	3.587850
1558359359	51.919189	45.000000	3.591420
1558359360	51.919189	45.000000	3.591420
1558359361	51.931976	45.000000	3.594990
1558359362	51.931976	45.000000	3.598560
1558359363	51.931976	45.000000	3.598560
1558359364	51.931976	45.000000	3.598560
1558359365	51.919189	45.000000	3.602130
1558359366	51.919189	45.000000	3.602130
1558359367	51.893555	45.000000	3.603915
1558359368	51.893555	45.000000	3.607485
1558359369	51.893555	45.000000	3.607485
1558359370	51.855133	45.000000	3.607485
1558359371	51.829529	45.000000	3.609270
1558359372	51.778290	45.000000	3.611055
1558359373	51.778290	45.000000	3.611055
1558359374	51.752686	45.000000	3.614625
1558359375	51.752686	45.000000	3.616410
1558359376	51.752686	45.000000	3.616410
1558359377	51.675842	45.000000	3.616410
1558359378	51.650238	45.000000	3.618195
1558359379	51.650238	45.000000	3.618195
1558359380	51.599030	45.000000	3.619980
1558359381	51.560608	45.000000	3.619980
1558359382	51.560608	45.000000	3.619980
1558359383	51.509369	45.000000	3.621765
1558359384	51.445343	45.000000	3.623550
1558359385	51.445343	45.000000	3.623550
1558359386	51.394135	45.000000	3.625335
1558359387	51.330078	45.000000	3.625335
1558359388	51.330078	45.000000	3.625335
1558359389	51.266052	45.000000	3.627120
1558359390	51.201996	45.000000	3.628905
1558359391	51.201996	45.000000	3.628905
1558359392	51.150757	45.000000	3.628905
1558359393	51.073944	45.000000	3.630690
1558359394	51.073944	45.000000	3.630690
1558359395	51.009918	45.000000	3.632475
1558359396	51.009918	45.000000	3.632475
1558359397	50.945892	45.000000	3.632475
1558359398	50.945892	45.000000	3.632475
1558359399	50.856201	45.000000	3.632475
1558359400	50.817810	45.000000	3.634260
1558359401	50.817810	45.000000	3.634260
1558359402	50.715302	45.000000	3.636045
1558359403	50.676910	45.000000	3.636045
1558359404	50.676910	45.000000	3.636045
1558359405	50.612885	45.000000	3.637830
1558359406	50.536041	45.000000	3.637830
1558359407	50.472015	45.000000	3.637830
1558359408	50.472015	45.000000	3.637830
1558359409	50.433563	45.000000	3.639615
1558359410	50.395142	45.000000	3.639615
1558359411	50.395142	45.000000	3.639615
1558359412	50.305481	45.000000	3.641400
1558359413	50.254272	45.000000	3.641400
1558359414	50.254272	45.000000	3.641400
1558359415	50.151794	45.000000	3.641400
1558359416	50.113403	45.000000	3.641400
1558359417	50.049347	45.000000	3.641400
1558359418	50.049347	45.000000	3.641400
1558359419	49.972504	45.000000	3.643185
1558359420	49.908478	45.000000	3.643185
1558359421	49.870056	45.000000	3.643185
1558359422	49.831635	45.000000	3.643185
1558359423	49.831635	45.000000	3.643185
1558359424	49.767609	45.000000	3.644970
1558359425	49.677948	45.000000	3.644970
1558359426	49.677948	45.000000	3.644970
1558359427	49.575500	45.000000	3.644970
1558359428	49.575500	45.000000	3.644970
1558359429	49.537048	45.000000	3.644970
1558359430	49.473022	45.000000	3.646755
1558359431	49.396179	45.000000	3.644970
1558359432	49.396179	45.000000	3.646755
1558359433	49.396179	45.000000	3.646755
1558359434	49.293732	45.000000	3.646755
1558359435	49.255280	45.000000	3.646755
1558359436	49.191254	45.000000	3.646755
1558359437	49.191254	45.000000	3.646755
1558359438	49.114441	45.000000	3.646755
1558359439	49.114441	45.000000	3.646755
1558359440	49.011963	45.000000	3.646755
1558359441	48.973541	45.000000	3.648540
1558359442	48.973541	45.000000	3.648540
1558359443	48.922333	45.000000	3.646755
1558359444	48.845490	45.000000	3.646755
1558359445	48.768677	45.000000	3.646755
1558359446	48.768677	45.000000	3.646755
1558359447	48.730255	45.000000	3.646755
1558359448	48.691803	45.000000	3.648540
1558359449	48.602142	45.000000	3.646755
1558359450	48.602142	45.000000	3.646755
1558359451	48.563751	45.000000	3.646755
1558359452	48.499725	45.000000	3.648540
1558359453	48.499725	45.000000	3.648540
1558359454	48.422852	45.000000	3.646755
1558359455	48.371643	45.000000	3.648540
1558359456	48.333221	45.000000	3.648540
1558359457	48.333221	45.000000	3.648540
1558359458	48.294800	45.000000	3.648540
1558359459	48.243561	45.000000	3.648540
1558359460	48.243561	45.000000	3.648540
1558359461	48.166718	45.000000	3.648540
1558359462	48.077087	45.000000	3.648540
1558359463	48.038635	45.000000	3.648540
1558359464	48.038635	45.000000	3.648540
1558359465	47.974609	45.000000	3.648540
1558359466	47.897766	45.000000	3.648540
1558359467	47.897766	45.000000	3.648540
1558359468	47.897766	45.000000	3.648540
1558359469	47.808105	45.000000	3.648540
1558359470	47.782501	45.000000	3.648540
1558359471	47.782501	45.000000	3.648540
1558359472	47.692841	45.000000	3.648540
1558359473	47.641632	45.000000	3.648540
1558359474	47.641632	45.000000	3.648540
1558359475	47.551971	45.000000	3.648540
1558359476	47.551971	45.000000	3.648540
1558359477	47.526367	45.000000	3.648540
1558359478	47.475128	45.000000	3.648540
1558359479	47.398285	45.000000	3.648540
1558359480	47.398285	45.000000	3.648540
1558359481	47.347046	45.000000	3.648540
1558359482	47.321442	45.000000	3.650325
1558359483	47.283020	45.000000	3.648540
1558359484	47.283020	45.000000	3.648540
1558359485	47.193359	45.000000	3.648540
1558359486	47.154968	45.000000	3.648540
1558359487	47.154968	45.000000	3.648540
1558359488	47.065308	45.000000	3.648540
1558359489	47.026886	45.000000	3.650325
1558359490	47.026886	45.000000	3.650325
1558359491	46.950012	45.000000	3.648540
1558359492	46.950012	45.000000	3.648540
1558359493	46.860382	45.000000	3.650325
1558359494	46.860382	45.000000	3.650325
1558359495	46.821960	45.000000	3.650325
1558359496	46.783539	45.000000	3.650325
1558359497	46.706726	45.000000	3.650325
1558359498	46.706726	45.000000	3.650325
1558359499	46.668274	45.000000	3.650325
1558359500	46.591431	45.000000	3.650325
1558359501	46.591431	45.000000	3.650325
1558359502	46.553009	45.000000	3.650325
1558359503	46.501770	45.000000	3.650325
1558359504	46.476166	45.000000	3.650325
1558359505	46.476166	45.000000	3.650325
1558359506	46.424957	45.000000	3.650325
1558359507	46.348083	45.000000	3.652110
1558359508	46.322479	45.000000	3.650325
1558359509	46.322479	45.000000	3.650325
1558359510	46.232819	45.000000	3.650325
1558359511	46.194427	45.000000	3.650325
1558359512	46.194427	45.000000	3.650325
1558359513	46.143188	45.000000	3.650325
1558359514	46.091980	45.000000	3.648540
1558359515	46.091980	45.000000	3.648540
1558359516	46.027924	45.000000	3.650325
1558359517	45.989532	45.000000	3.650325
1558359518	45.963898	45.000000	3.650325
1558359519	45.963898	45.000000	3.650325
1558359520	45.874268	45.000000	3.650325
1558359521	45.861450	45.000000	3.650325
1558359522	45.861450	45.000000	3.650325
1558359523	45.797394	45.000000	7.154280
1558359524	45.746185	45.000000	3.650325
1558359525	45.746185	45.000000	3.650325
1558359526	45.694977	45.000000	3.655680
1558359527	45.643738	45.000000	3.655680
1558359528	45.592529	45.000000	3.655680
1558359529	45.592529	45.000000	3.655680
1558359530	45.566895	45.000000	3.657465
1558359531	45.490051	45.000000	3.657465
1558359532	45.490051	45.000000	3.657465
1558359533	45.477234	45.000000	3.659250
1558359534	45.438812	45.000000	3.657465
1558359535	45.438812	45.000000	3.657465
1558359536	45.374786	45.000000	3.657465
1558359537	45.336365	45.000000	3.657465
1558359538	45.285126	45.000000	3.657465
1558359539	45.259521	45.000000	3.657465
1558359540	45.259521	45.000000	3.657465
1558359541	45.259521	45.000000	3.657465
1558359542	45.169861	45.000000	3.657465
1558359543	45.144226	45.000000	7.150711
1558359544	45.144226	45.000000	7.150711
1558359545	45.118652	45.000000	4.273290
1558359546	45.054596	45.000000	4.742745
1558359547	45.054596	45.000000	4.742745
1558359548	45.016144	45.000000	6.802635
1558359549	44.964966	45.000000	5.005140
1558359550	44.964966	45.000000	5.005140
1558359551	44.913696	45.000000	9.906750
1558359552	44.900940	45.000000	8.337734
1558359553	44.875305	45.000000	6.167175
1558359554	44.836884	45.000000	7.580895
1558359555	44.836884	45.000000	7.580895
1558359556	44.785645	45.000000	6.747300
1558359557	44.734406	45.000000	10.715355
1558359558	44.734406	45.000000	10.715355
1558359559	44.683197	45.000000	9.501554
1558359560	44.683197	45.000000	7.698705
1558359561	44.619141	45.000000	9.969226
1558359562	44.619141	45.000000	9.969226
1558359563	44.606354	45.000000	12.582466
1558359564	44.542328	45.000000	15.838305
1558359565	44.516693	45.000000	16.393440
1558359566	44.516693	45.000000	16.393440
1558359567	44.478271	45.000000	19.697477
1558359568	44.427032	45.000000	18.887085
1558359569	44.427032	45.000000	18.887085
1558359570	44.375824	45.000000	23.121107
1558359571	44.375824	45.000000	22.996155
1558359572	44.375824	45.000000	22.996155
1558359573	44.350220	45.000000	27.453304
1558359574	44.298950	45.000000	27.894196
1558359575	44.286194	45.000000	29.207956
1558359576	44.286194	45.000000	29.207956
1558359577	44.260559	45.000000	32.019329
1558359578	44.247742	45.000000	31.135756
1558359579	44.209320	45.000000	32.278156
1558359580	44.209320	45.000000	32.278156
1558359581	44.183685	45.000000	38.079407
1558359582	44.183685	45.000000	39.030811
1558359583	44.183685	45.000000	39.030811
1558359584	44.183685	45.000000	40.219620
1558359585	44.183685	45.000000	43.930637
1558359586	44.183685	45.000000	43.930637
1558359587	44.183685	45.000000	46.818768
1558359588	44.183685	45.000000	46.825905
1558359589	44.209320	45.000000	51.104553
1558359590	44.209320	45.000000	51.104553
1558359591	44.222137	45.000000	50.940334
1558359592	44.260559	45.000000	52.254086
1558359593	44.260559	45.000000	52.254086
1558359594	44.311768	45.000000	54.967289
1558359595	44.350220	45.000000	59.679691
1558359596	44.350220	45.000000	59.679691
1558359597	44.375824	45.000000	59.345901
1558359598	44.427032	45.000000	60.786392
1558359599	44.542328	45.000000	63.644176
1558359600	44.542328	45.000000	63.644176
1558359601	44.580719	45.000000	67.496201
1558359602	44.683197	45.000000	68.058487
1558359603	44.683197	45.000000	68.058487
1558359604	44.811279	45.000000	71.692741
1558359605	44.926514	45.000000	70.957329
1558359606	45.003357	45.000000	73.763344
1558359607	45.003357	45.000000	73.763344
1558359608	45.093018	45.000000	78.029488
1558359609	45.323547	45.000000	77.085228
1558359610	45.323547	45.000000	77.085228
1558359611	45.438812	45.000000	74.737953
1558359612	45.733368	45.000000	73.786552
1558359613	45.733368	45.000000	73.786552
1558359614	45.874268	45.000000	73.786552
1558359615	46.220032	45.000000	69.972000
1558359616	46.220032	45.000000	69.972000
1558359617	46.373718	45.000000	63.935131
1558359618	46.604248	45.000000	63.599556
1558359619	46.937225	45.000000	63.042633
1558359620	46.937225	45.000000	63.042633
1558359621	47.206177	45.000000	57.853638
1558359622	47.372650	45.000000	51.622200
1558359623	47.372650	45.000000	51.622200
1558359624	47.539185	45.000000	50.112091
1558359625	47.539185	45.000000	50.112091
1558359626	47.974609	45.000000	43.980618
1558359627	48.461304	45.000000	39.668056
1558359628	48.461304	45.000000	39.668056
1558359629	48.602142	45.000000	39.668056
1558359630	48.781464	45.000000	34.996708
1558359631	49.191254	45.000000	32.142494
1558359632	49.191254	45.000000	32.142494
1558359633	49.357758	45.000000	26.244854
1558359634	49.626709	45.000000	20.841661
1558359635	49.626709	45.000000	20.841661
1558359636	49.882874	45.000000	20.705999
1558359637	50.113403	45.000000	17.053892
1558359638	50.356720	45.000000	13.769489
1558359639	50.356720	45.000000	13.769489
1558359640	50.548828	45.000000	8.684026
1558359641	50.638489	45.000000	3.528945
1558359642	50.638489	45.000000	3.528945
1558359643	50.740936	45.000000	3.537870
1558359644	50.984283	45.000000	3.546795
1558359645	50.984283	45.000000	3.546795
1558359646	51.061096	45.000000	3.553935
1558359647	51.253235	45.000000	3.557505
1558359648	51.317261	45.000000	3.562860
1558359649	51.317261	45.000000	3.562860
1558359650	51.419708	45.000000	3.570000
1558359651	51.509369	45.000000	3.571785
1558359652	51.509369	45.000000	3.571785
1558359653	51.573425	45.000000	3.577140
1558359654	51.599030	45.000000	3.584280
1558359655	51.599030	45.000000	3.584280
1558359656	51.650238	45.000000	3.587850
1558359657	51.701477	45.000000	3.591420
1558359658	51.727081	45.000000	3.594990
1558359659	51.727081	45.000000	3.594990
1558359660	51.765503	45.000000	3.598560
1558359661	51.765503	45.000000	3.602130
1558359662	51.765503	45.000000	3.602130
1558359663	51.765503	45.000000	3.607485
1558359664	51.765503	45.000000	3.609270
1558359665	51.765503	45.000000	3.609270
1558359666	51.765503	45.000000	3.612840
1558359667	51.752686	45.000000	3.616410
1558359668	51.752686	45.000000	3.616410
1558359669	51.727081	45.000000	3.618195
1558359670	51.714264	45.000000	3.621765
1558359671	51.714264	45.000000	3.621765
1558359672	51.701477	45.000000	3.623550
1558359673	51.650238	45.000000	3.625335
1558359674	51.650238	45.000000	3.625335
1558359675	51.624634	45.000000	3.627120
1558359676	51.560608	45.000000	3.628905
1558359677	51.560608	45.000000	3.628905
1558359678	51.535004	45.000000	3.632475
1558359679	51.470947	45.000000	3.632475
1558359680	51.445343	45.000000	3.634260
1558359681	51.445343	45.000000	3.634260
1558359682	51.394135	45.000000	3.634260
1558359683	51.342896	45.000000	3.636045
1558359684	51.342896	45.000000	3.636045
1558359685	51.291656	45.000000	3.637830
1558359686	51.240417	45.000000	3.639615
1558359687	51.240417	45.000000	3.639615
1558359688	51.163574	45.000000	3.641400
1558359689	51.137970	45.000000	3.641400
1558359690	51.137970	45.000000	3.641400
1558359691	51.099548	45.000000	3.641400
1558359692	51.009918	45.000000	3.643185
1558359693	50.984283	45.000000	3.644970
1558359694	50.984283	45.000000	3.644970
1558359695	50.881836	45.000000	3.644970
1558359696	50.830597	45.000000	3.644970
1558359697	50.830597	45.000000	3.644970
1558359698	50.740936	45.000000	3.646755
1558359699	50.715302	45.000000	3.646755
1558359700	50.715302	45.000000	3.646755
1558359701	50.651276	45.000000	3.646755
1558359702	50.574463	45.000000	3.646755
1558359703	50.574463	45.000000	3.646755
1558359704	50.497589	45.000000	3.648540
1558359705	50.497589	45.000000	3.648540
1558359706	50.420776	45.000000	3.650325
1558359707	50.369507	45.000000	3.650325
1558359708	50.331085	45.000000	3.650325
1558359709	50.331085	45.000000	3.650325
1558359710	50.228668	45.000000	3.652110
1558359711	50.203033	45.000000	3.652110
1558359712	50.203033	45.000000	3.652110
1558359713	50.164642	45.000000	3.652110
1558359714	50.164642	45.000000	3.652110
1558359715	50.087769	45.000000	3.652110
1558359716	50.023743	45.000000	3.652110
1558359717	50.023743	45.000000	3.652110
1558359718	49.908478	45.000000	3.652110
1558359719	49.870056	45.000000	3.653895
1558359720	49.870056	45.000000	3.653895
1558359721	49.780396	45.000000	3.653895
1558359722	49.729187	45.000000	3.653895
1558359723	49.729187	45.000000	3.653895
1558359724	49.626709	45.000000	3.653895
1558359725	49.626709	45.000000	3.653895
1558359726	49.588287	45.000000	3.655680
1558359727	49.473022	45.000000	3.655680
1558359728	49.434601	45.000000	3.655680
1558359729	49.434601	45.000000	3.655680
1558359730	49.383392	45.000000	3.655680
1558359731	49.306519	45.000000	3.655680
1558359732	49.306519	45.000000	3.653895
1558359733	49.204102	45.000000	3.657465
1558359734	49.165680	45.000000	3.655680
1558359735	49.165680	45.000000	3.655680
1558359736	49.101624	45.000000	3.655680
1558359737	49.063202	45.000000	3.655680
1558359738	49.024780	45.000000	3.655680
1558359739	49.024780	45.000000	3.655680
1558359740	48.935150	45.000000	3.655680
1558359741	48.896729	45.000000	3.657465
1558359742	48.896729	45.000000	3.657465
1558359743	48.794281	45.000000	3.657465
1558359744	48.743042	45.000000	3.657465
1558359745	48.743042	45.000000	3.657465
1558359746	48.666229	45.000000	3.657465
1558359747	48.666229	45.000000	3.657465
1558359748	48.627777	45.000000	3.657465
1558359749	48.525330	45.000000	3.657465
1558359750	48.525330	45.000000	3.657465
1558359751	48.486877	45.000000	3.657465
1558359752	48.384430	45.000000	3.657465
1558359753	48.384430	45.000000	3.657465
1558359754	48.346008	45.000000	3.659250
1558359755	48.281982	45.000000	3.659250
1558359756	48.205170	45.000000	3.659250
1558359757	48.205170	45.000000	3.659250
1558359758	48.141144	45.000000	3.659250
1558359759	48.141144	45.000000	3.659250
1558359760	48.064270	45.000000	3.659250
1558359761	48.000214	45.000000	3.659250
1558359762	47.974609	45.000000	3.659250
1558359763	47.974609	45.000000	3.659250
1558359764	47.936188	45.000000	3.659250
1558359765	47.833740	45.000000	3.659250
1558359766	47.833740	45.000000	3.659250
1558359767	47.795319	45.000000	3.661035
1558359768	47.705688	45.000000	3.661035
1558359769	47.705688	45.000000	3.661035
1558359770	47.680054	45.000000	3.661035
1558359771	47.577606	45.000000	3.661035
1558359772	47.577606	45.000000	3.661035
1558359773	47.539185	45.000000	3.661035
1558359774	47.475128	45.000000	3.661035
1558359775	47.475128	45.000000	3.661035
1558359776	47.423920	45.000000	3.661035
1558359777	47.359894	45.000000	3.661035
1558359778	47.359894	45.000000	3.661035
1558359779	47.295837	45.000000	3.661035
1558359780	47.231781	45.000000	3.662820
1558359781	47.231781	45.000000	3.662820
1558359782	47.206177	45.000000	3.662820
1558359783	47.167755	45.000000	3.662820
1558359784	47.078094	45.000000	3.662820
1558359785	47.078094	45.000000	3.662820
1558359786	47.039673	45.000000	3.662820
1558359787	46.975647	45.000000	3.662820
1558359788	46.975647	45.000000	3.662820
1558359789	46.924438	45.000000	3.664605
1558359790	46.847565	45.000000	3.662820
1558359791	46.847565	45.000000	3.662820
1558359792	46.809174	45.000000	3.664605
1558359793	46.745148	45.000000	3.664605
1558359794	46.745148	45.000000	3.664605
1558359795	46.693878	45.000000	3.664605
1558359796	46.642670	45.000000	3.664605
1558359797	46.591431	45.000000	3.662820
1558359798	46.591431	45.000000	3.662820
1558359799	46.565826	45.000000	3.664605
1558359800	46.501770	45.000000	3.662820
1558359801	46.501770	45.000000	3.662820
1558359802	46.450531	45.000000	3.664605
1558359803	46.360931	45.000000	3.664605
1558359804	46.360931	45.000000	3.664605
1558359805	46.335297	45.000000	3.664605
1558359806	46.284058	45.000000	3.664605
1558359807	46.220032	45.000000	3.664605
1558359808	46.220032	45.000000	3.664605
1558359809	46.168793	45.000000	3.664605
1558359810	46.143188	45.000000	3.664605
1558359811	46.143188	45.000000	3.664605
1558359812	46.104767	45.000000	3.664605
1558359813	46.040741	45.000000	3.664605
1558359814	46.002319	45.000000	3.666390
1558359815	46.002319	45.000000	3.666390
1558359816	45.925507	45.000000	3.664605
1558359817	45.912689	45.000000	3.664605
1558359818	45.912689	45.000000	3.664605
1558359819	45.848633	45.000000	3.664605
1558359820	45.797394	45.000000	3.666390
1558359821	45.797394	45.000000	3.666390
1558359822	45.746185	45.000000	3.666390
1558359823	45.694977	45.000000	3.666390
1558359824	45.694977	45.000000	3.666390
1558359825	45.643738	45.000000	4.560675
1558359826	45.579681	45.000000	6.940080
1558359827	45.579681	45.000000	6.940080
1558359828	45.541260	45.000000	3.652110
1558359829	45.502838	45.000000	3.655680
1558359830	45.502838	45.000000	3.655680
1558359831	45.477234	45.000000	3.657465
1558359832	45.413177	45.000000	3.657465
1558359833	45.413177	45.000000	3.657465
1558359834	45.374786	45.000000	3.657465
1558359835	45.310760	45.000000	3.659250
1558359836	45.310760	45.000000	3.659250
1558359837	45.285126	45.000000	3.659250
1558359838	45.208282	45.000000	7.204260
1558359839	45.208282	45.000000	7.204260
1558359840	45.182678	45.000000	4.241160
1558359841	45.131439	45.000000	3.682455
1558359842	45.131439	45.000000	3.682455
1558359843	45.080200	45.000000	3.684240
1558359844	45.041779	45.000000	3.686025
1558359845	45.041779	45.000000	3.686025
1558359846	44.990570	45.000000	3.686025
1558359847	44.939331	45.000000	3.686025
1558359848	44.939331	45.000000	3.686025
1558359849	44.888092	45.000000	3.687810
1558359850	44.836884	45.000000	3.687810
1558359851	44.824066	45.000000	3.687810
1558359852	44.824066	45.000000	3.687810
1558359853	44.785645	45.000000	3.687810
1558359854	44.734406	45.000000	3.687810
1558359855	44.734406	45.000000	3.687810
1558359856	44.695984	45.000000	5.688795
1558359857	44.631958	45.000000	10.708215
1558359858	44.631958	45.000000	10.708215
1558359859	44.606354	45.000000	9.954946
1558359860	44.567902	45.000000	14.911890
1558359861	44.567902	45.000000	14.911890
1558359862	44.516693	45.000000	14.494200
1558359863	44.478271	45.000000	14.738745
1558359864	44.427032	45.000000	20.672087
1558359865	44.427032	45.000000	20.672087
1558359866	44.427032	45.000000	20.507866
1558359867	44.375824	45.000000	25.180996
1558359868	44.375824	45.000000	25.180996
1558359869	44.350220	45.000000	24.777586
1558359870	44.286194	45.000000	26.159176
1558359871	44.286194	45.000000	26.159176
1558359872	44.260559	45.000000	29.798790
1558359873	44.234924	45.000000	30.530640
1558359874	44.196533	45.000000	32.735115
1558359875	44.196533	45.000000	32.735115
1558359876	44.183685	45.000000	38.049061
1558359878	44.170898	45.000000	37.652794
1558359879	44.170898	45.000000	37.652794
1558359880	44.158112	45.000000	38.613121
1558359881	44.132477	45.000000	41.849323
1558359882	44.132477	45.000000	41.849323
1558359883	44.145294	45.000000	46.210079
1558359884	44.145294	45.000000	45.885212
1558359885	44.145294	45.000000	45.885212
1558359886	44.158112	45.000000	47.364975
1558359887	44.183685	45.000000	50.212051
1558359888	44.183685	45.000000	50.212051
1558359889	44.196533	45.000000	53.871304
1558359890	44.222137	45.000000	54.422863
1558359891	44.222137	45.000000	54.422863
1558359892	44.260559	45.000000	56.732655
1558359893	44.350220	45.000000	62.137634
1558359894	44.388611	45.000000	61.396862
1558359895	44.388611	45.000000	61.396862
1558359896	44.465485	45.000000	66.441277
1558359897	44.465485	45.000000	66.441277
1558359898	44.555115	45.000000	65.602318
1558359899	44.644775	45.000000	68.069191
1558359900	44.644775	45.000000	68.069191
1558359901	44.785645	45.000000	70.325432
1558359902	44.900940	45.000000	72.230026
1558359903	44.900940	45.000000	72.230026
1558359904	44.990570	45.000000	74.589798
1558359905	45.080200	45.000000	74.921814
1558359906	45.233887	45.000000	77.276215
1558359907	45.233887	45.000000	77.276215
1558359908	45.438812	45.000000	76.706802
1558359909	45.759003	45.000000	76.846039
1558359910	45.759003	45.000000	76.846039
1558359911	45.887054	45.000000	73.467026
1558359912	46.245636	45.000000	73.318878
1558359913	46.245636	45.000000	73.318878
1558359914	46.412109	45.000000	70.143356
1558359915	46.668274	45.000000	66.350243
1558359916	46.668274	45.000000	66.350243
1558359917	46.988464	45.000000	63.471031
1558359918	47.270233	45.000000	60.909557
1558359919	47.270233	45.000000	60.909557
1558359920	47.628815	45.000000	54.733456
1558359921	47.936188	45.000000	51.274128
1558359922	48.102692	45.000000	47.161488
1558359923	48.102692	45.000000	47.161488
1558359924	48.281982	45.000000	43.894939
1558359925	48.755859	45.000000	42.722191
1558359926	48.755859	45.000000	42.722191
1558359927	48.947937	45.000000	36.887024
1558359928	49.255280	45.000000	32.515560
1558359929	49.255280	45.000000	32.515560
1558359930	49.575500	45.000000	29.418585
1558359931	49.844421	45.000000	26.830334
1558359932	50.139008	45.000000	21.175457
1558359933	50.139008	45.000000	21.175457
1558359934	50.395142	45.000000	21.173672
1558359935	50.510437	45.000000	16.895025
1558359936	50.510437	45.000000	16.895025
1558359937	50.651276	45.000000	11.752440
1558359938	50.971466	45.000000	8.971410
1558359939	50.971466	45.000000	8.971410
1558359940	51.086731	45.000000	3.525375
1558359941	51.355682	45.000000	3.534300
1558359942	51.355682	45.000000	3.534300
1558359943	51.445343	45.000000	3.541440
1558359944	51.663055	45.000000	3.548580
1558359945	51.663055	45.000000	3.548580
1558359946	51.739868	45.000000	3.555720
1558359947	51.842346	45.000000	3.561075
1558359948	51.842346	45.000000	3.561075
1558359949	51.944794	45.000000	3.568215
1558359950	52.021637	45.000000	3.570000
1558359951	52.111267	45.000000	3.577140
1558359952	52.111267	45.000000	3.577140
1558359953	52.162506	45.000000	3.580710
1558359954	52.188141	45.000000	3.586065
1558359955	52.188141	45.000000	3.586065
1558359956	52.213715	45.000000	3.589635
1558359957	52.239349	45.000000	3.593205
1558359958	52.239349	45.000000	3.593205
1558359959	52.252167	45.000000	3.596775
1558359960	52.264984	45.000000	3.600345
1558359961	52.264984	45.000000	3.600345
1558359962	52.264984	45.000000	3.602130
1558359963	52.264984	45.000000	3.605700
1558359964	52.264984	45.000000	3.605700
1558359965	52.252167	45.000000	3.609270
1558359966	52.239349	45.000000	3.611055
1558359967	52.200928	45.000000	3.612840
1558359968	52.200928	45.000000	3.612840
1558359969	52.175323	45.000000	3.616410
1558359970	52.175323	45.000000	3.618195
1558359971	52.175323	45.000000	3.618195
1558359972	52.098480	45.000000	3.619980
1558359973	52.085663	45.000000	3.621765
1558359974	52.085663	45.000000	3.621765
1558359975	52.047241	45.000000	3.623550
1558359976	51.983215	45.000000	3.625335
1558359977	51.983215	45.000000	3.625335
1558359978	51.957611	45.000000	3.627120
1558359979	51.893555	45.000000	3.628905
1558359980	51.893555	45.000000	3.628905
1558359981	51.842346	45.000000	3.628905
1558359982	51.791107	45.000000	3.632475
1558359983	51.727081	45.000000	3.630690
1558359984	51.727081	45.000000	3.630690
1558359985	51.675842	45.000000	3.632475
1558359986	51.637451	45.000000	3.634260
1558359987	51.637451	45.000000	3.634260
1558359988	51.599030	45.000000	3.636045
1558359989	51.509369	45.000000	3.636045
1558359990	51.509369	45.000000	3.636045
1558359991	51.470947	45.000000	3.637830
1558359992	51.368500	45.000000	3.637830
1558359993	51.368500	45.000000	3.637830
1558359994	51.342896	45.000000	3.637830
1558359995	51.253235	45.000000	3.637830
1558359996	51.253235	45.000000	3.637830
1558359997	51.201996	45.000000	3.639615
1558359998	51.137970	45.000000	3.639615
1558359999	51.137970	45.000000	3.639615
1558360000	51.061096	45.000000	3.639615
1558360001	50.997070	45.000000	3.641400
1558360002	50.997070	45.000000	3.641400
1558360003	50.933044	45.000000	3.641400
1558360004	50.856201	45.000000	3.643185
1558360005	50.856201	45.000000	3.643185
1558360006	50.830597	45.000000	3.641400
1558360007	50.715302	45.000000	3.643185
1558360008	50.689728	45.000000	3.643185
1558360009	50.689728	45.000000	3.643185
1558360010	50.651276	45.000000	3.643185
1558360011	50.548828	45.000000	3.644970
1558360012	50.497589	45.000000	3.643185
1558360013	50.497589	45.000000	3.643185
1558360014	50.433563	45.000000	3.644970
1558360015	50.433563	45.000000	3.644970
1558360016	50.343933	45.000000	3.646755
1558360017	50.279877	45.000000	3.644970
1558360018	50.203033	45.000000	3.644970
1558360019	50.203033	45.000000	3.644970
1558360020	50.113403	45.000000	3.646755
1558360021	50.100586	45.000000	3.648540
1558360022	50.100586	45.000000	3.648540
1558360023	50.062164	45.000000	3.646755
1558360024	49.946899	45.000000	3.648540
1558360025	49.946899	45.000000	3.648540
1558360026	49.908478	45.000000	3.648540
1558360027	49.793213	45.000000	3.650325
1558360028	49.793213	45.000000	3.650325
1558360029	49.754761	45.000000	3.650325
1558360030	49.652313	45.000000	3.650325
1558360031	49.652313	45.000000	3.650325
1558360032	49.613922	45.000000	3.650325
1558360033	49.549896	45.000000	3.652110
1558360034	49.549896	45.000000	3.652110
1558360035	49.485840	45.000000	3.652110
1558360036	49.408966	45.000000	3.652110
1558360037	49.408966	45.000000	3.652110
1558360038	49.332153	45.000000	3.653895
1558360039	49.268127	45.000000	3.653895
1558360040	49.191254	45.000000	3.653895
1558360041	49.191254	45.000000	3.653895
1558360042	49.191254	45.000000	3.653895
1558360043	49.076019	45.000000	3.653895
1558360044	49.076019	45.000000	3.653895
1558360045	49.050385	45.000000	3.653895
1558360046	48.947937	45.000000	3.653895
1558360047	48.947937	45.000000	3.653895
1558360048	48.909515	45.000000	3.655680
1558360049	48.909515	45.000000	3.655680
1558360050	48.819885	45.000000	3.655680
1558360051	48.768677	45.000000	3.653895
1558360052	48.768677	45.000000	3.653895
1558360053	48.666229	45.000000	3.655680
1558360054	48.640594	45.000000	3.657465
1558360055	48.640594	45.000000	3.657465
1558360056	48.538116	45.000000	3.655680
1558360057	48.499725	45.000000	3.657465
1558360058	48.435669	45.000000	3.657465
1558360059	48.435669	45.000000	3.657465
1558360060	48.358826	45.000000	3.657465
1558360061	48.307587	45.000000	3.657465
1558360062	48.307587	45.000000	3.657465
1558360063	48.269196	45.000000	3.657465
1558360064	48.230774	45.000000	3.657465
1558360065	48.230774	45.000000	3.657465
1558360066	48.128296	45.000000	3.657465
1558360067	48.089874	45.000000	3.657465
1558360068	48.089874	45.000000	3.657465
1558360069	48.013062	45.000000	3.659250
1558360070	47.961823	45.000000	3.659250
1558360071	47.910553	45.000000	3.657465
1558360072	47.910553	45.000000	3.657465
1558360073	47.846527	45.000000	3.657465
1558360074	47.782501	45.000000	3.659250
1558360075	47.782501	45.000000	3.659250
1558360076	47.718475	45.000000	3.659250
1558360077	47.654419	45.000000	3.659250
1558360078	47.654419	45.000000	3.659250
1558360079	47.628815	45.000000	3.659250
1558360080	47.603210	45.000000	3.657465
1558360081	47.500732	45.000000	3.659250
1558360082	47.500732	45.000000	3.659250
1558360083	47.462311	45.000000	3.659250
1558360084	47.372650	45.000000	3.659250
1558360085	47.372650	45.000000	3.659250
1558360086	47.334259	45.000000	3.659250
1558360087	47.270233	45.000000	3.661035
1558360088	47.270233	45.000000	3.661035
1558360089	47.218994	45.000000	3.659250
1558360090	47.154968	45.000000	3.661035
1558360091	47.090942	45.000000	3.661035
1558360092	47.090942	45.000000	3.661035
1558360093	47.090942	45.000000	3.661035
1558360094	47.001282	45.000000	3.661035
1558360095	47.001282	45.000000	3.661035
1558360096	46.975647	45.000000	3.661035
1558360097	46.924438	45.000000	3.661035
1558360098	46.924438	45.000000	3.661035
1558360099	46.847565	45.000000	3.661035
1558360100	46.757904	45.000000	3.661035
1558360101	46.757904	45.000000	3.661035
1558360102	46.719513	45.000000	3.662820
1558360103	46.655487	45.000000	3.664605
1558360104	46.655487	45.000000	3.664605
1558360105	46.591431	45.000000	3.662820
1558360106	46.540192	45.000000	3.664605
1558360107	46.514587	45.000000	3.664605
1558360108	46.514587	45.000000	3.664605
1558360109	46.424957	45.000000	3.664605
1558360110	46.399323	45.000000	3.664605
1558360111	46.399323	45.000000	3.664605
1558360112	46.373718	45.000000	3.664605
1558360113	46.284058	45.000000	3.664605
1558360114	46.284058	45.000000	3.664605
1558360115	46.258453	45.000000	3.664605
1558360116	46.181610	45.000000	3.664605
1558360117	46.181610	45.000000	3.664605
1558360118	46.156006	45.000000	3.664605
1558360119	46.091980	45.000000	3.664605
1558360120	46.091980	45.000000	3.664605
1558360121	46.040741	45.000000	3.664605
1558360122	46.002319	45.000000	3.664605
1558360123	46.002319	45.000000	3.664605
1558360124	45.938293	45.000000	3.664605
1558360125	45.887054	45.000000	3.664605
1558360126	45.887054	45.000000	3.664605
1558360127	45.835846	45.000000	6.870465
1558360128	45.784607	45.000000	5.042625
1558360129	45.784607	45.000000	5.042625
1558360130	45.759003	45.000000	3.669960
1558360131	45.720581	45.000000	3.673530
1558360132	45.643738	45.000000	3.673530
1558360133	45.643738	45.000000	3.673530
1558360134	45.630920	45.000000	3.673530
1558360135	45.554077	45.000000	3.712800
1558360136	45.554077	45.000000	3.712800
1558360137	45.528473	45.000000	7.188195
1558360138	45.477234	45.000000	3.678885
1558360139	45.477234	45.000000	3.678885
1558360140	45.426025	45.000000	3.680670
1558360141	45.374786	45.000000	5.979750
1558360142	45.336365	45.000000	3.662820
1558360143	45.336365	45.000000	3.662820
1558360144	45.336365	45.000000	4.762380
1558360145	45.259521	45.000000	6.800850
1558360146	45.259521	45.000000	6.800850
1558360147	45.233887	45.000000	5.738775
1558360148	45.169861	45.000000	5.738775
1558360149	45.131439	45.000000	3.650325
1558360150	45.131439	45.000000	3.650325
1558360151	45.080200	45.000000	3.657465
1558360152	45.041779	45.000000	3.659250
1558360153	45.041779	45.000000	3.659250
1558360154	45.003357	45.000000	3.659250
1558360155	44.952118	45.000000	3.661035
1558360156	44.952118	45.000000	3.661035
1558360157	44.900940	45.000000	3.662820
1558360158	44.875305	45.000000	3.662820
1558360159	44.849670	45.000000	3.662820
1558360160	44.849670	45.000000	3.662820
1558360161	44.798431	45.000000	3.664605
1558360162	44.772858	45.000000	3.664605
1558360163	44.772858	45.000000	3.664605
1558360164	44.772858	45.000000	3.664605
