0.000000
0.000000
46.867126
46.867126
46.867126
46.728088
46.652252
46.652252
46.576385
0.000000
0.000000
46.424713
46.424713
46.424713
46.424713
46.273010
46.197174
46.121338
46.121338
46.045471
46.045471
45.957001
45.881165
45.881165
45.805298
45.742126
45.704193
45.704193
45.653595
45.653595
45.552490
45.438721
45.438721
45.400818
45.299713
45.299713
45.223846
45.173309
45.173309
45.097443
45.097443
45.046906
44.971039
44.971039
44.933105
44.895203
44.895203
44.844635
44.844635
44.831970
44.831970
44.806702
44.806702
44.806702
44.831970
44.831970
44.831970
44.907837
44.945740
44.945740
45.008942
45.122711
45.122711
45.236481
45.400818
45.400818
45.552490
45.767395
45.767395
45.982300
46.260406
46.260406
46.525848
46.879761
46.879761
47.208435
47.625580
47.625580
48.042725
48.270264
48.270264
49.016052
49.016052
49.306793
49.622803
50.457092
50.457092
50.811035
51.733826
51.733826
52.125671
53.124237
53.124237
53.541412
54.223999
54.223999
55.045654
55.740875
55.740875
56.587799
57.320984
57.320984
58.180542
58.926331
58.926331
59.811157
60.569641
60.569641
61.467102
61.467102
62.225555
63.123047
63.123047
63.906769
64.816895
64.816895
65.587982
66.485474
66.485474
66.485474
68.116119
68.116119
68.861908
69.708801
69.708801
70.404053
71.213043
71.213043
71.870361
71.870361
72.590912
73.184998
73.184998
73.829712
74.297424
74.297424
74.916809
75.359222
75.359222
75.586792
76.218811
76.218811
76.585327
76.585327
76.888702
77.179443
77.179443
77.406982
77.609253
77.609253
77.760956
77.899994
77.899994
77.975861
78.051666
78.051666
78.076965
78.089600
78.089600
78.064331
78.051666
78.051666
77.963196
77.963196
77.925262
77.786194
77.786194
77.659790
77.533386
77.533386
77.470215
77.255310
77.255310
77.192108
77.090942
77.090942
76.863464
76.863464
76.762299
76.509491
76.509491
76.395752
76.130310
76.130310
76.016510
75.738434
75.738434
75.637299
75.333923
75.333923
75.220154
74.929413
74.929413
74.803009
74.499664
74.499664
74.373260
74.373260
74.069855
73.943451
73.943451
73.640106
73.513672
73.513672
73.210327
73.083923
73.083923
72.767883
72.641479
72.641479
72.325439
72.211670
72.211670
71.895691
71.769257
71.769257
71.465912
71.352112
71.352112
71.048706
70.909668
70.909668
70.618958
70.479889
70.479889
70.290314
70.062775
70.062775
69.898438
69.898438
69.632965
69.443390
69.443390
69.241119
69.038879
69.038879
68.811340
68.621735
68.621735
68.406830
68.217224
68.217224
68.103455
67.977051
67.977051
67.572571
67.572571
67.572571
67.281799
67.155396
67.155396
66.877319
66.750916
66.750916
66.460175
66.346405
66.346405
66.068298
65.954529
65.954529
65.676453
65.676453
65.575317
65.284576
65.284576
65.170837
65.170837
64.905365
64.627289
64.627289
64.538788
64.260712
64.260712
64.184845
63.932037
63.932037
63.818268
63.729797
63.729797
63.464355
63.464355
63.363220
63.110382
63.110382
63.021912
62.756470
62.756470
62.667969
62.415161
62.415161
62.326691
62.086517
62.086517
61.985382
61.985382
61.745209
61.492401
61.492401
61.302795
61.151093
61.151093
60.974121
60.974121
60.835083
60.759247
60.670746
60.670746
60.443237
60.443237
60.215698
60.127197
60.127197
59.899689
59.735321
59.735321
59.735321
59.520447
59.520447
59.431946
59.217072
59.217072
59.002197
59.002197
58.913696
58.837860
58.837860
58.610321
58.395416
58.395416
58.332214
58.243744
58.243744
58.041504
57.978271
57.978271
57.788666
57.712860
57.712860
57.548523
57.497955
57.497955
57.346252
57.295685
57.295685
57.156647
57.118713
57.118713
57.017609
57.017609
56.979675
56.929108
56.929108
56.916473
56.891205
56.891205
56.903839
56.929108
56.929108
56.967010
57.017609
57.017609
57.093414
57.257751
57.257751
57.346252
57.346252
57.573792
57.687561
57.687561
57.687561
58.142639
58.408081
58.408081
58.736725
59.052734
59.052734
59.457245
59.836456
59.836456
60.316833
60.316833
60.759247
61.328064
61.328064
61.821045
62.427795
62.427795
62.983978
63.653961
63.653961
64.235413
64.235413
64.918030
65.524750
65.524750
66.207367
66.814117
66.814117
67.496735
68.052917
68.052917
68.710236
69.241119
69.241119
69.835205
70.315582
70.315582
70.846466
71.263611
71.263611
71.718719
72.085266
72.085266
72.477112
72.742615
72.742615
72.919556
73.083923
73.083923
73.425201
73.425201
73.715912
73.791748
73.791748
73.854980
74.019318
74.019318
74.057220
74.133026
74.133026
74.158356
74.158356
74.158356
74.145721
74.095154
74.095154
74.057220
73.956116
73.956116
73.892914
73.892914
73.741211
73.665344
73.665344
73.488373
73.412567
73.412567
73.210327
73.121796
73.121796
72.919556
72.919556
72.818451
72.590912
72.590912
72.502380
72.262268
72.262268
72.148499
71.895691
71.895691
71.655518
71.655518
71.541718
71.440613
71.440613
71.175110
71.061401
71.061401
70.795898
70.682190
70.682190
70.404053
70.290314
70.290314
70.012207
69.911072
69.911072
69.645630
69.645630
69.506561
69.228485
69.228485
69.127380
68.836609
68.836609
68.748169
68.457428
68.457428
68.331024
68.052917
68.052917
67.951752
67.951752
67.648407
67.534637
67.534637
67.256531
67.155396
67.155396
66.877319
66.763580
66.763580
66.472809
66.359070
66.359070
66.093567
66.093567
65.979828
65.714386
65.714386
65.613281
65.347778
65.347778
65.234039
64.968597
64.968597
64.867432
64.589355
64.589355
64.488220
64.488220
64.222778
64.121674
64.121674
63.843567
63.755066
63.755066
63.476990
63.375854
63.375854
63.135681
63.021912
63.021912
62.781738
62.680603
62.680603
62.440430
62.326691
62.326691
62.111786
61.998016
61.998016
61.783112
61.682037
61.682037
61.517670
61.353333
61.353333
61.125824
61.125824
61.037323
60.885651
60.885651
60.721283
60.493774
60.493774
60.417969
60.190399
60.190399
60.101898
60.101898
59.887024
59.798553
59.798553
59.596313
59.495178
59.495178
59.280304
59.280304
59.204437
59.002197
59.002197
58.913696
58.698792
58.698792
58.622955
58.622955
58.420715
58.332214
58.332214
58.129974
58.054138
57.864532
57.864532
57.801331
57.801331
57.624359
57.548523
57.548523
57.396820
57.333618
57.333618
57.207184
57.207184
57.156647
57.055511
57.055511
57.017609
56.954407
56.954407
56.941742
56.891205
56.891205
56.891205
56.891205
56.891205
56.916473
56.979675
56.979675
57.017609
57.144012
57.144012
57.219849
57.219849
57.422089
57.510559
57.510559
57.801331
57.927734
57.927734
58.294281
58.294281
58.458618
58.926331
58.926331
59.141205
59.697418
59.697418
59.937592
59.937592
60.594910
60.898254
60.898254
61.631439
61.960083
61.960083
62.781738
63.135681
63.135681
64.020538
64.387115
64.387115
65.297241
65.297241
65.676453
66.599213
66.599213
66.978455
67.863281
67.863281
68.229858
69.076813
69.076813
69.405457
69.405457
70.176575
70.479889
70.479889
71.162506
71.415314
71.415314
72.009460
72.224335
72.224335
72.717316
72.906921
72.906921
73.286163
73.425201
73.425201
73.703278
73.804413
73.804413
74.006653
74.006653
74.069855
74.183594
74.183594
74.208923
74.234192
74.234192
74.246826
74.246826
74.208923
74.183594
74.183594
74.107758
74.044556
74.044556
73.918152
73.867615
73.867615
73.690643
73.614777
73.614777
73.437836
73.336731
73.336731
73.134491
73.045959
73.045959
72.818451
72.729950
72.729950
72.489777
72.388672
72.388672
72.224335
72.034698
72.034698
71.870361
71.680786
71.680786
71.516449
71.301544
71.301544
71.149872
71.149872
70.947632
70.770660
70.568390
70.568390
70.391449
70.391449
70.176575
70.012207
70.012207
69.797302
69.607697
69.607697
69.405457
69.228485
69.228485
68.988312
68.811340
68.811340
68.609131
68.419464
68.419464
68.331024
68.204559
68.204559
67.926453
67.812744
67.812744
67.534637
67.420868
67.420868
67.155396
67.041626
67.041626
66.763580
66.649780
66.649780
66.384338
66.270569
66.270569
65.992462
65.891357
65.891357
65.714386
65.499481
65.499481
65.335175
65.335175
65.120270
64.854797
64.854797
64.753693
64.488220
64.488220
64.374481
64.374481
64.121674
64.033173
64.033173
63.767700
63.666565
63.666565
63.413788
63.312683
63.312683
63.072449
62.958710
62.958710
62.819672
62.630066
62.630066
62.503632
62.301422
62.301422
62.073853
62.073853
61.972748
61.821045
61.821045
61.656738
61.505035
61.505035
61.328064
61.100525
61.100525
60.999420
60.999420
60.999420
60.683380
60.683380
60.531677
60.367371
60.367371
60.228302
60.063995
60.063995
59.912323
59.747986
59.747986
59.608917
59.444611
59.444611
59.305542
59.305542
59.153900
59.002197
58.837860
58.837860
58.711456
58.572388
58.572388
58.433350
58.357513
58.357513
58.142639
58.092072
58.092072
58.016205
