1559921976	3.352230	0.000000	0.000000	32.218811	0.000000
1559921977	3.352230	0.000000	0.000000	32.218811	0.000000
1559921978	3.352230	0.000000	0.000000	32.218811	0.000000
1559921979	3.352230	0.000000	0.000000	32.218811	0.000000
1559921980	3.352230	0.000000	0.000000	32.218811	0.000000
1559921981	3.352230	0.000000	0.000000	32.218811	0.000000
1559921982	3.352230	0.000000	0.000000	32.218811	0.000000
1559921983	3.352230	0.000000	0.000000	32.218811	0.000000
1559921984	3.352230	0.000000	0.000000	32.218811	0.000000
1559921985	3.352230	0.000000	0.000000	32.218811	0.000000
1559921986	3.352230	0.000000	0.000000	32.218811	0.000000
1559921987	3.352230	0.000000	0.000000	32.218811	0.000000
1559921988	3.352230	0.000000	0.000000	32.218811	0.000000
1559921989	3.352230	0.000000	0.000000	32.218811	0.000000
1559921991	3.352230	0.000000	0.000000	32.218811	0.000000
1559921992	3.352230	0.000000	0.000000	32.218811	0.000000
1559921993	3.352230	0.000000	0.000000	32.218811	0.000000
1559921994	3.352230	0.000000	0.000000	32.218811	0.000000
1559921995	3.352230	0.000000	0.000000	32.218811	0.000000
1559921996	3.352230	0.000000	0.000000	32.218811	0.000000
1559921997	3.352230	0.000000	0.000000	32.218811	0.000000
1559921998	3.352230	0.000000	0.000000	32.218811	0.000000
1559921999	3.352230	0.000000	0.000000	32.218811	0.000000
1559922000	3.352230	0.000000	0.000000	32.218811	0.000000
1559922001	3.352230	0.000000	0.000000	32.218811	0.000000
1559922002	3.352230	0.000000	0.000000	32.218811	0.000000
1559922003	3.352230	0.000000	0.000000	32.218811	0.000000
1559922004	3.352230	0.000000	0.000000	32.205994	0.000000
1559922005	3.352230	0.000000	0.000000	32.205994	0.000000
1559922006	3.352230	0.000000	0.000000	32.205994	0.000000
1559922007	3.352230	0.000000	0.000000	32.218811	0.000000
1559922008	3.352230	0.000000	0.000000	32.231628	0.000000
1559922009	3.352230	0.000000	0.000000	32.218811	0.000000
1559922014	3.352230	0.000000	0.000000	32.218811	0.000000
1559922015	3.352230	0.000000	0.000000	32.218811	0.000000
1559922016	3.352230	0.000000	0.000000	32.218811	0.000000
1559922017	3.352230	0.000000	0.000000	32.218811	0.000000
1559922018	3.352230	0.000000	0.000000	32.218811	0.000000
1559922019	3.352230	0.000000	0.000000	32.218811	0.000000
1559922022	3.352230	0.000000	0.000000	32.231628	0.000000
1559922023	3.352230	0.000000	0.000000	32.218811	0.000000
1559922024	3.352230	0.000000	0.000000	32.218811	0.000000
1559922025	3.352230	0.000000	0.000000	32.218811	0.000000
1559922026	3.352230	0.000000	0.000000	32.218811	0.000000
1559922027	3.352230	0.000000	0.000000	32.218811	0.000000
1559922028	3.352230	0.000000	0.000000	32.218811	-1.573992
1559922029	3.352230	0.000000	0.000000	32.218811	-1.573992
1559922031	3.352230	0.000000	0.000000	32.218811	3.766392
1559922032	3.352230	0.000000	0.000000	32.218811	5.409658
1559922033	3.352230	0.000000	0.000000	32.218811	-4.704318
1559922034	3.352230	0.000000	0.000000	32.218811	-4.704318
1559922035	3.352230	0.000000	0.000000	32.218811	-4.704318
1559922036	3.352230	0.000000	0.000000	32.218811	-4.704318
1559922037	3.352230	0.000000	0.000000	32.231628	5.263516
1559922038	3.352230	0.000000	0.000000	32.218811	-4.663867
1559922039	3.352230	0.000000	0.000000	32.218811	5.263264
1559922040	3.352230	0.000000	0.000000	32.218811	5.263264
1559922041	3.352230	0.000000	0.000000	32.205994	5.267586
1559922042	3.352230	0.000000	0.000000	32.218811	-4.664676
1559922043	3.352230	0.000000	0.000000	32.218811	-4.664676
1559922044	3.352230	0.000000	0.000000	32.218811	-4.663867
1559922045	3.352230	0.000000	0.000000	32.218811	5.266741
1559922046	3.352230	0.000000	0.000000	32.218811	5.266741
1559922047	3.352230	1.000000	0.000000	32.218811	5.264404
1559922048	6.827626	0.000000	0.000000	32.218811	-4.663867
1559922049	7.041825	0.000000	0.000000	32.218811	-4.663867
1559922050	7.041825	0.000000	0.000000	32.218811	-4.663867
1559922051	7.056105	1.000000	0.000000	32.231628	5.263264
1559922052	10.809960	0.000000	0.000000	32.231628	-4.663867
1559922053	10.809960	0.000000	0.000000	32.231628	-4.663867
1559922054	10.804605	0.000000	0.000000	32.231628	-4.663867
1559922055	12.234390	1.000000	0.000000	32.231628	5.259695
1559922056	12.234390	1.000000	0.000000	32.231628	5.259695
1559922057	14.526330	1.000000	0.000000	32.231628	5.262131
1559922058	16.891457	0.000000	0.000000	32.218811	-4.669953
1559922059	16.891457	0.000000	0.000000	32.218811	-4.669953
1559922060	18.194506	0.000000	0.000000	32.218811	5.267586
1559922061	18.192720	1.000000	0.000000	32.244415	5.264300
1559922062	18.192720	1.000000	0.000000	32.244415	5.264300
1559922063	22.071526	0.000000	0.000000	32.231628	-4.664271
1559922064	22.071526	0.000000	0.000000	32.244415	5.263224
1559922065	22.071526	0.000000	0.000000	32.244415	5.263224
1559922066	22.269661	1.000000	0.000000	32.244415	5.258684
1559922067	25.919987	0.000000	0.000000	32.257202	-4.662653
1559922068	25.919987	0.000000	0.000000	32.257202	-4.662653
1559922069	29.645283	0.000000	0.000000	32.270050	-4.670360
1559922070	29.645283	0.000000	0.000000	32.282837	5.264070
1559922071	29.645283	1.000000	0.000000	32.295654	5.264053
1559922072	29.645283	1.000000	0.000000	32.295654	5.264053
1559922073	32.695847	0.000000	0.000000	32.321259	-4.670767
1559922074	33.333092	0.000000	0.000000	32.346893	5.263926
1559922075	33.333092	0.000000	0.000000	32.346893	5.263926
1559922076	33.333092	1.000000	0.000000	32.359680	5.260306
1559922077	37.001266	0.000000	0.000000	32.385315	-4.663867
1559922078	37.001266	0.000000	0.000000	32.385315	-4.663867
1559922079	40.294594	0.000000	0.000000	32.423737	-4.676076
1559922081	40.747978	0.000000	0.000000	32.462128	5.260571
1559922082	40.747978	0.000000	0.000000	32.462128	5.260571
1559922083	40.747978	0.000000	0.000000	32.513397	-4.664676
1559922084	43.025639	0.000000	0.000000	32.551819	-4.676076
1559922085	43.025639	0.000000	0.000000	32.551819	-4.676076
1559922086	44.341187	0.000000	0.000000	32.577423	-4.685126
1559922087	44.341187	0.000000	0.000000	32.577423	-4.685126
1559922088	45.995880	1.000000	0.000000	32.679871	5.257128
1559922089	48.171795	0.000000	0.000000	32.756714	-4.672806
1559922090	48.171795	0.000000	0.000000	32.756714	-4.672806
1559922091	50.743980	0.000000	0.000000	32.833557	-4.664271
1559922092	51.916725	0.000000	0.000000	32.923218	5.241230
1559922093	51.916725	0.000000	0.000000	32.923218	5.241230
1559922094	51.916725	1.000000	0.000000	33.012848	5.249403
1559922095	55.643803	0.000000	0.000000	33.115326	5.228795
1559922096	55.643803	0.000000	0.000000	33.115326	5.228795
1559922097	55.643803	0.000000	0.000000	33.230591	-4.684300
1559922098	56.591640	1.000000	0.000000	33.345825	5.249374
1559922099	59.365536	0.000000	0.000000	33.409882	5.245624
1559922100	59.365536	0.000000	0.000000	33.409882	5.245624
1559922101	59.365536	0.000000	0.000000	33.550751	-4.699275
1559922102	62.408955	0.000000	0.000000	33.704468	-4.703475
1559922103	62.408955	0.000000	0.000000	33.704468	-4.703475
1559922104	63.199711	0.000000	0.000000	33.870941	5.240152
1559922105	63.199711	0.000000	0.000000	33.870941	5.240152
1559922106	63.197922	1.000000	0.000000	34.024658	5.205495
1559922107	66.825050	0.000000	0.000000	34.216766	-4.711929
1559922108	66.825050	0.000000	0.000000	34.216766	-4.711929
1559922109	66.825050	0.000000	0.000000	34.396088	-4.770486
1559922110	68.399414	1.000000	0.000000	34.613831	5.240323
1559922111	68.399414	1.000000	0.000000	34.613831	5.240323
1559922112	70.818092	0.000000	0.000000	34.831543	5.183962
1559922113	70.818092	0.000000	0.000000	35.049255	-4.718316
1559922114	70.818092	0.000000	0.000000	35.049255	-4.718316
1559922115	73.947197	0.000000	0.000000	35.305389	-4.819366
1559922116	74.464844	0.000000	0.000000	35.561523	5.224494
1559922117	74.464844	0.000000	0.000000	35.561523	5.224494
1559922118	74.464844	0.000000	0.000000	35.817719	-4.754858
1559922119	77.026329	0.000000	0.000000	36.112305	-4.757964
1559922120	77.026329	0.000000	0.000000	36.112305	-4.757964
1559922121	78.041992	0.000000	0.000000	36.253174	5.201125
1559922122	78.041992	0.000000	0.000000	36.573364	5.216791
1559922124	78.041992	0.000000	0.000000	36.573364	5.216791
1559922125	78.041992	0.000000	0.000000	36.893555	-4.809959
1559922126	80.571327	1.000000	0.000000	37.239319	5.098536
1559922127	80.571327	1.000000	0.000000	37.239319	5.098536
1559922128	81.644119	0.000000	0.000000	37.585144	5.169713
1559922129	81.644119	0.000000	0.000000	37.956573	-4.982219
1559922130	81.644119	0.000000	0.000000	37.956573	-4.982219
1559922131	81.645905	0.000000	0.000000	38.340820	-4.855944
1559922132	81.645905	0.000000	0.000000	38.750671	4.997699
1559922133	81.645905	0.000000	0.000000	38.750671	4.997699
1559922134	81.645905	1.000000	0.000000	38.955566	5.143308
1559922135	84.958862	0.000000	0.000000	39.583130	-5.103903
1559922136	84.958862	0.000000	0.000000	39.583130	-5.103903
1559922137	85.226616	0.000000	0.000000	40.031403	-4.914488
1559922138	85.226616	0.000000	0.000000	40.236328	5.114295
1559922139	85.226616	0.000000	0.000000	40.684601	-5.168777
1559922140	85.226616	0.000000	0.000000	40.684601	-5.168777
1559922141	85.228401	0.000000	0.000000	41.171295	-5.211219
1559922142	85.226616	0.000000	0.000000	41.632324	5.132788
1559922143	85.226616	0.000000	0.000000	41.632324	5.132788
1559922144	85.226616	0.000000	0.000000	42.119019	-4.995657
1559922145	85.228401	0.000000	0.000000	42.631317	-4.961305
1559922146	85.228401	0.000000	0.000000	42.631317	-4.961305
1559922147	85.230186	0.000000	0.000000	43.143646	-5.249713
1559922148	85.230186	0.000000	0.000000	43.668762	5.050895
1559922149	85.230186	0.000000	0.000000	43.668762	5.050895
1559922150	85.231964	0.000000	0.000000	44.193848	-5.077863
1559922151	85.231964	0.000000	0.000000	44.731781	-5.051291
1559922152	85.231964	0.000000	0.000000	44.731781	-5.051291
1559922153	85.231964	0.000000	0.000000	45.282532	4.930586
1559922154	85.231964	0.000000	0.000000	45.551453	4.935672
1559922155	85.231964	0.000000	0.000000	45.551453	4.935672
1559922156	85.231964	0.000000	0.000000	46.102173	-5.134518
1559922157	85.231964	0.000000	0.000000	46.652924	-5.297341
1559922158	85.231964	0.000000	0.000000	46.652924	-5.297341
1559922159	85.233757	0.000000	0.000000	47.216461	4.895828
1559922160	85.231964	0.000000	0.000000	48.061737	4.617836
1559922161	85.231964	0.000000	0.000000	48.061737	4.617836
1559922162	85.233757	0.000000	0.000000	48.356293	-5.141015
1559922163	85.233757	0.000000	0.000000	48.356293	-5.141015
1559922165	85.233757	0.000000	0.000000	48.919830	-5.306530
1559922166	85.233757	0.000000	0.000000	49.483368	4.825094
1559922167	85.233757	0.000000	0.000000	49.483368	4.825094
1559922168	85.233757	0.000000	0.000000	50.059692	4.584859
1559922169	85.233757	0.000000	0.000000	50.636047	-5.171461
1559922170	85.233757	0.000000	0.000000	50.636047	-5.171461
1559922171	85.233757	0.000000	0.000000	51.199615	-5.298867
1559922172	85.233757	0.000000	0.000000	51.775940	4.795101
1559922173	85.233757	0.000000	0.000000	52.339447	-5.207033
1559922174	85.233757	0.000000	0.000000	52.339447	-5.207033
1559922175	85.235535	0.000000	0.000000	52.928589	-5.178204
1559922176	85.235535	0.000000	0.000000	53.492126	4.740920
1559922177	85.235535	0.000000	0.000000	53.492126	4.740920
1559922178	85.235535	0.000000	0.000000	54.068481	4.766747
1559922179	85.096306	0.000000	1.000000	54.632019	-5.232422
1559922180	85.096306	0.000000	1.000000	54.632019	-5.232422
1559922181	82.367035	0.000000	1.000000	54.913788	-5.208426
1559922182	78.161583	0.000000	0.000000	55.771881	4.709300
1559922183	78.161583	0.000000	0.000000	55.771881	4.709300
1559922184	78.161583	0.000000	0.000000	56.335388	4.730392
1559922185	77.761749	0.000000	1.000000	56.617157	-5.245362
1559922186	77.761749	0.000000	1.000000	56.617157	-5.245362
1559922187	74.611214	0.000000	0.000000	57.167908	4.561615
1559922188	74.598724	0.000000	0.000000	57.705811	4.685102
1559922189	74.598724	0.000000	0.000000	57.705811	4.685102
1559922190	71.924797	0.000000	0.000000	58.256561	4.704498
1559922191	70.141579	0.000000	1.000000	58.794464	-5.261409
1559922192	70.141579	0.000000	1.000000	58.794464	-5.261409
1559922193	66.974983	0.000000	0.000000	59.306793	4.557731
1559922194	66.976768	0.000000	0.000000	59.831879	4.671224
1559922195	66.976768	0.000000	0.000000	59.831879	4.671224
1559922196	66.955353	0.000000	1.000000	60.318573	-5.323597
1559922198	63.228271	0.000000	0.000000	60.818024	-5.267309
1559922199	63.228271	0.000000	0.000000	60.818024	-5.267309
1559922200	63.228271	0.000000	0.000000	61.279114	4.541853
1559922201	61.430775	0.000000	0.000000	61.727417	4.647985
1559922202	61.430775	0.000000	0.000000	61.727417	4.647985
1559922203	59.388741	0.000000	1.000000	61.957947	-5.323597
1559922204	55.642021	0.000000	0.000000	62.380585	4.665465
1559922205	55.642021	0.000000	0.000000	62.380585	4.665465
1559922206	55.642021	0.000000	0.000000	62.982513	4.552120
1559922207	53.828461	0.000000	1.000000	63.174652	-5.261409
1559922208	53.828461	0.000000	1.000000	63.174652	-5.261409
1559922209	51.907803	0.000000	1.000000	63.546082	-5.318914
1559922210	48.268185	0.000000	0.000000	63.904663	4.652603
1559922211	48.268185	0.000000	0.000000	63.904663	4.652603
1559922212	48.268185	0.000000	0.000000	64.224884	4.558866
1559922213	48.266399	0.000000	1.000000	64.545074	-5.261409
1559922214	48.266399	0.000000	1.000000	64.545074	-5.261409
1559922215	44.598228	0.000000	1.000000	64.839600	-5.274733
1559922216	41.469120	0.000000	0.000000	65.121399	4.573806
1559922217	41.469120	0.000000	0.000000	65.121399	4.573806
1559922218	40.897923	0.000000	0.000000	65.390350	4.637145
1559922219	38.529224	0.000000	1.000000	65.620880	-5.304992
1559922220	38.529224	0.000000	1.000000	65.620880	-5.304992
1559922221	36.822765	0.000000	1.000000	65.851410	-5.276224
1559922222	36.822765	0.000000	1.000000	65.851410	-5.276224
1559922223	33.354511	0.000000	0.000000	66.056335	4.581017
1559922224	33.352726	0.000000	0.000000	66.235657	4.639382
1559922225	33.352726	0.000000	0.000000	66.235657	4.639382
1559922226	31.100056	0.000000	1.000000	66.414978	-5.300395
1559922227	29.177608	0.000000	1.000000	66.555847	-5.274733
1559922228	29.177608	0.000000	1.000000	66.555847	-5.274733
1559922229	25.930695	0.000000	0.000000	66.619873	4.606888
1559922230	25.930695	0.000000	0.000000	66.799194	4.648000
1559922231	25.930695	0.000000	0.000000	66.799194	4.648000
1559922232	23.574495	0.000000	0.000000	66.888824	4.656285
1559922233	23.574495	0.000000	0.000000	66.888824	4.656285
1559922234	21.496756	0.000000	1.000000	66.978485	-5.252625
1559922235	18.399780	0.000000	0.000000	67.042480	4.593286
1559922236	18.399780	0.000000	0.000000	67.042480	4.593286
1559922237	18.401566	0.000000	0.000000	67.093750	4.656560
1559922239	15.932910	0.000000	1.000000	67.119354	-5.277718
1559922240	15.932910	0.000000	1.000000	67.119354	-5.277718
1559922241	14.836921	0.000000	1.000000	67.145020	-5.264355
1559922242	11.436495	0.000000	0.000000	67.145020	4.649257
1559922243	11.168745	0.000000	0.000000	67.145020	4.666068
1559922244	11.168745	0.000000	0.000000	67.145020	4.666068
1559922245	11.170529	0.000000	1.000000	67.119354	-5.265831
1559922246	11.170529	0.000000	1.000000	67.119354	-5.265831
1559922247	7.557690	0.000000	0.000000	67.093750	4.673680
1559922248	7.505925	0.000000	0.000000	67.042480	4.672013
1559922249	7.505925	0.000000	0.000000	67.042480	4.672013
1559922250	5.915490	0.000000	0.000000	66.991302	4.677583
1559922251	3.778845	0.000000	0.000000	66.952881	-5.252625
1559922252	3.785985	0.000000	0.000000	66.888824	4.684110
1559922253	3.785985	0.000000	0.000000	66.888824	4.684110
1559922254	3.334380	0.000000	0.000000	66.811981	4.698807
1559922255	3.334380	0.000000	0.000000	66.811981	4.698807
1559922256	3.339735	0.000000	1.000000	66.735138	-5.251168
1559922257	3.343305	0.000000	0.000000	66.632660	-5.230994
1559922258	3.343305	0.000000	0.000000	66.632660	-5.230994
1559922259	3.346875	0.000000	0.000000	66.530243	4.682041
1559922260	3.350445	0.000000	0.000000	66.414978	4.723740
1559922261	3.350445	0.000000	0.000000	66.414978	4.723740
1559922262	3.352230	0.000000	0.000000	66.312500	-5.248261
1559922263	3.355800	0.000000	0.000000	66.197205	4.697017
1559922264	3.355800	0.000000	0.000000	66.197205	4.697017
1559922265	3.357585	0.000000	0.000000	66.069153	4.706299
1559922266	3.361155	0.000000	0.000000	65.941071	-5.246810
1559922267	3.361155	0.000000	0.000000	65.941071	-5.246810
1559922268	3.364725	0.000000	1.000000	65.813019	-5.248261
1559922269	3.366510	0.000000	0.000000	65.672119	4.711317
1559922270	3.366510	0.000000	0.000000	65.672119	4.711317
1559922271	3.371865	0.000000	0.000000	65.544037	4.710573
1559922272	3.371865	0.000000	0.000000	65.544037	4.710573
1559922273	3.373650	0.000000	0.000000	65.390350	4.770641
1559922274	3.375435	0.000000	0.000000	65.249451	-5.238153
1559922275	3.375435	0.000000	0.000000	65.249451	-5.238153
1559922276	3.377220	0.000000	0.000000	65.108582	4.725068
1559922277	3.379005	0.000000	0.000000	64.942078	4.726791
1559922278	3.379005	0.000000	0.000000	64.942078	4.726791
1559922279	3.380790	0.000000	0.000000	64.813995	-5.226724
1559922281	3.382575	0.000000	1.000000	64.647522	-5.236717
1559922282	3.382575	0.000000	1.000000	64.647522	-5.236717
1559922283	3.382575	0.000000	0.000000	64.493805	4.696800
1559922284	3.386145	0.000000	0.000000	64.327332	4.713179
1559922285	3.386145	0.000000	0.000000	64.327332	4.713179
1559922286	3.386145	0.000000	1.000000	64.186462	-5.212619
1559922287	3.387930	0.000000	0.000000	64.019958	-5.228145
1559922288	3.387930	0.000000	0.000000	64.019958	-5.228145
1559922289	3.389715	0.000000	0.000000	63.943115	4.760254
1559922290	3.391500	0.000000	0.000000	63.776611	4.746725
1559922291	3.391500	0.000000	0.000000	63.776611	4.746725
1559922292	3.393285	0.000000	0.000000	63.615509	-5.209822
1559922293	3.393285	0.000000	0.000000	63.461792	4.810308
1559922294	3.393285	0.000000	0.000000	63.461792	4.810308
1559922295	3.395070	0.000000	0.000000	63.308105	4.771180
1559922296	3.396855	0.000000	1.000000	63.154388	-5.172806
1559922297	3.398640	0.000000	0.000000	63.000702	-5.208426
1559922298	3.398640	0.000000	0.000000	63.000702	-5.208426
1559922299	3.398640	0.000000	0.000000	62.834229	4.824615
1559922300	3.398640	0.000000	0.000000	62.834229	4.824615
1559922301	3.400425	0.000000	1.000000	62.667725	-5.211219
1559922302	3.402210	0.000000	0.000000	62.514038	-5.164763
1559922303	3.402210	0.000000	0.000000	62.514038	-5.164763
1559922304	3.402210	0.000000	0.000000	62.373169	4.764994
1559922305	3.402210	0.000000	0.000000	62.206665	4.776606
1559922306	3.402210	0.000000	0.000000	62.206665	4.776606
1559922307	3.403995	0.000000	1.000000	62.040161	-5.201477
1559922308	3.403995	0.000000	0.000000	61.963318	-5.164763
1559922309	3.403995	0.000000	0.000000	61.963318	-5.164763
1559922310	3.405780	0.000000	0.000000	61.732788	4.788054
1559922311	3.407565	0.000000	0.000000	61.579071	4.864347
1559922312	3.407565	0.000000	0.000000	61.579071	4.864347
1559922313	3.407565	0.000000	0.000000	61.425385	-5.205641
1559922314	3.407565	0.000000	0.000000	61.271667	-5.156785
1559922315	3.407565	0.000000	0.000000	61.271667	-5.156785
1559922316	3.409350	0.000000	0.000000	61.105164	4.790448
1559922317	3.409350	0.000000	0.000000	61.105164	4.790448
1559922318	3.409350	0.000000	0.000000	60.964294	4.867041
1559922319	3.409350	0.000000	0.000000	60.810608	-5.190457
1559922320	3.409350	0.000000	0.000000	60.810608	-5.190457
1559922321	3.411135	0.000000	0.000000	60.669708	-5.125491
1559922322	3.411135	0.000000	1.000000	60.516022	-5.178204
1559922323	3.411135	0.000000	1.000000	60.516022	-5.178204
1559922324	3.412920	0.000000	0.000000	60.439178	4.881739
1559922325	3.412920	0.000000	0.000000	60.221466	-5.190457
1559922327	3.412920	0.000000	0.000000	60.221466	-5.190457
1559922328	3.414705	0.000000	0.000000	60.080566	-5.124208
1559922329	3.414705	0.000000	0.000000	60.003693	4.810915
1559922330	3.414705	0.000000	0.000000	60.003693	4.810915
1559922331	3.414705	0.000000	0.000000	59.773163	4.973272
1559922332	3.414705	0.000000	0.000000	59.773163	4.973272
1559922333	3.414705	0.000000	0.000000	59.632294	-5.195952
1559922334	3.416490	0.000000	0.000000	59.555420	-5.114004
1559922335	3.416490	0.000000	0.000000	59.555420	-5.114004
1559922336	3.416490	0.000000	0.000000	59.427368	4.823156
1559922337	3.418275	0.000000	0.000000	59.273651	4.899995
1559922338	3.418275	0.000000	0.000000	59.273651	4.899995
1559922339	3.418275	0.000000	0.000000	59.132782	-5.172806
1559922340	3.418275	0.000000	0.000000	58.991913	-5.111469
1559922341	3.418275	0.000000	0.000000	58.991913	-5.111469
1559922342	3.418275	0.000000	0.000000	58.850983	4.837521
1559922343	3.420060	0.000000	0.000000	58.722931	4.917079
1559922344	3.420060	0.000000	0.000000	58.722931	4.917079
1559922345	3.420060	0.000000	0.000000	58.569244	-5.166099
1559922346	3.420060	0.000000	0.000000	58.428345	-5.087703
1559922347	3.420060	0.000000	0.000000	58.428345	-5.087703
1559922348	3.421845	0.000000	0.000000	58.300293	4.823535
1559922349	3.421845	0.000000	0.000000	58.146576	4.930197
1559922350	3.421845	0.000000	0.000000	58.146576	4.930197
1559922351	3.421845	0.000000	1.000000	58.005707	-5.156785
1559922352	3.421845	0.000000	1.000000	58.005707	-5.156785
1559922353	3.421845	0.000000	0.000000	57.877625	-5.086468
1559922354	3.421845	0.000000	0.000000	57.736725	4.862798
1559922355	3.421845	0.000000	0.000000	57.736725	4.862798
1559922356	3.423630	0.000000	0.000000	57.608643	4.949387
1559922357	3.423630	0.000000	0.000000	57.467773	-5.156785
1559922358	3.423630	0.000000	0.000000	57.467773	-5.156785
1559922359	3.423630	0.000000	0.000000	57.326874	-5.087703
1559922360	3.423630	0.000000	0.000000	57.211609	4.866150
1559922361	3.423630	0.000000	0.000000	57.211609	4.866150
1559922362	3.423630	0.000000	0.000000	57.070709	4.948557
1559922363	3.423630	0.000000	0.000000	57.070709	4.948557
1559922364	3.423630	0.000000	0.000000	56.929840	-5.134518
1559922365	3.423630	0.000000	0.000000	56.801758	-5.041801
1559922366	3.423630	0.000000	0.000000	56.673706	4.858522
1559922368	3.423630	0.000000	0.000000	56.673706	4.858522
1559922369	3.425415	0.000000	0.000000	56.532806	-5.046535
1559922370	3.425415	0.000000	1.000000	56.417542	-5.120369
1559922371	3.425415	0.000000	1.000000	56.417542	-5.120369
1559922372	3.423630	0.000000	0.000000	56.276642	4.972415
1559922373	3.423630	0.000000	0.000000	56.276642	4.972415
1559922374	3.425415	0.000000	0.000000	56.161407	4.921955
1559922375	3.423630	0.000000	0.000000	56.020477	-5.069332
1559922376	3.425415	0.000000	0.000000	55.905212	-5.126776
1559922377	3.425415	0.000000	0.000000	55.905212	-5.126776
1559922378	3.425415	0.000000	0.000000	55.777130	4.851642
1559922379	3.425415	0.000000	0.000000	55.636261	4.883987
1559922380	3.425415	0.000000	0.000000	55.636261	4.883987
1559922381	3.425415	0.000000	0.000000	55.585022	-5.111469
1559922382	3.425415	0.000000	0.000000	55.456940	4.999996
1559922383	3.425415	0.000000	0.000000	55.456940	4.999996
1559922384	3.425415	0.000000	0.000000	55.341675	4.945516
1559922385	3.425415	0.000000	1.000000	55.213593	-5.046535
1559922386	3.425415	0.000000	1.000000	55.213593	-5.046535
1559922387	3.425415	0.000000	0.000000	55.098297	-5.092660
1559922388	3.425415	0.000000	0.000000	54.970245	4.998568
1559922389	3.425415	0.000000	0.000000	54.906219	-5.101394
1559922390	3.425415	0.000000	0.000000	54.906219	-5.101394
1559922391	3.425415	0.000000	0.000000	54.790955	-5.030064
1559922392	3.425415	0.000000	0.000000	54.790955	-5.030064
1559922393	3.427200	0.000000	0.000000	54.624420	4.935036
1559922394	3.425415	0.000000	0.000000	54.509186	4.997489
1559922395	3.425415	0.000000	0.000000	54.509186	4.997489
1559922396	3.425415	0.000000	0.000000	54.445160	-5.074198
1559922397	3.425415	0.000000	0.000000	54.329865	-5.012712
1559922398	3.425415	0.000000	0.000000	54.329865	-5.012712
1559922399	3.425415	0.000000	0.000000	54.163361	4.963756
1559922400	3.425415	0.000000	0.000000	54.099335	5.049567
1559922401	3.425415	0.000000	0.000000	54.099335	5.049567
1559922402	3.425415	0.000000	0.000000	53.984070	-5.095147
1559922403	3.427200	0.000000	0.000000	53.868805	-4.999045
1559922405	3.427200	0.000000	0.000000	53.868805	-4.999045
1559922406	3.427200	0.000000	0.000000	53.766327	4.961333
1559922407	3.427200	0.000000	0.000000	53.651031	5.044746
1559922408	3.427200	0.000000	0.000000	53.651031	5.044746
1559922409	3.427200	0.000000	0.000000	53.535767	-5.066907
1559922410	3.427200	0.000000	0.000000	53.420502	4.970086
1559922411	3.427200	0.000000	0.000000	53.420502	4.970086
1559922412	3.427200	0.000000	0.000000	53.318024	4.939182
1559922413	3.427200	0.000000	0.000000	53.215576	-5.037090
1559922414	3.427200	0.000000	0.000000	53.215576	-5.037090
1559922415	3.427200	0.000000	0.000000	53.100311	-5.068119
1559922416	3.427200	0.000000	0.000000	52.985046	4.986139
1559922417	3.427200	0.000000	0.000000	52.985046	4.986139
1559922418	3.427200	0.000000	0.000000	52.869781	4.955405
1559922419	3.427200	0.000000	0.000000	52.767334	-5.025408
1559922420	3.427200	0.000000	0.000000	52.767334	-5.025408
1559922421	3.427200	0.000000	0.000000	52.767334	-5.074198
1559922422	3.427200	0.000000	0.000000	52.600830	5.002822
1559922423	3.427200	0.000000	0.000000	52.600830	5.002822
1559922424	3.427200	0.000000	0.000000	52.498352	-4.974463
1559922425	3.427200	0.000000	0.000000	52.395905	-5.093903
1559922426	3.427200	0.000000	0.000000	52.395905	-5.093903
1559922427	3.427200	0.000000	0.000000	52.293427	5.147670
1559922428	3.428985	0.000000	0.000000	52.190948	5.014844
1559922429	3.428985	0.000000	0.000000	52.190948	5.014844
1559922430	3.427200	0.000000	0.000000	52.062897	-4.961305
1559922431	3.427200	0.000000	0.000000	51.973236	-5.038266
1559922432	3.427200	0.000000	0.000000	51.973236	-5.038266
1559922433	3.428985	0.000000	0.000000	51.857971	5.083032
1559922434	3.427200	0.000000	0.000000	51.755493	5.055831
1559922435	3.427200	0.000000	0.000000	51.755493	5.055831
1559922436	3.427200	0.000000	0.000000	51.653015	-4.971157
1559922437	3.427200	0.000000	0.000000	51.550568	-5.011567
1559922438	3.427200	0.000000	0.000000	51.550568	-5.011567
1559922439	3.427200	0.000000	0.000000	51.460907	5.091841
1559922440	3.427200	0.000000	0.000000	51.396881	-5.017310
1559922441	3.427200	0.000000	0.000000	51.396881	-5.017310
1559922442	3.427200	0.000000	0.000000	51.243164	-4.934436
1559922443	3.427200	0.000000	0.000000	51.191956	5.025397
1559922444	3.427200	0.000000	0.000000	51.191956	5.025397
1559922446	3.427200	0.000000	0.000000	51.102295	5.117286
1559922447	3.427200	0.000000	0.000000	50.999847	-5.008136
1559922448	3.427200	0.000000	0.000000	50.999847	-5.008136
1559922449	3.428985	0.000000	0.000000	50.910187	-4.939752
1559922450	3.427200	0.000000	0.000000	50.794922	5.039587
1559922451	3.427200	0.000000	0.000000	50.794922	5.039587
1559922452	3.427200	0.000000	0.000000	50.705292	5.110064
1559922453	3.427200	0.000000	0.000000	50.602783	-5.010422
1559922454	3.427200	0.000000	0.000000	50.513123	5.075843
1559922455	3.427200	0.000000	0.000000	50.513123	5.075843
1559922456	3.427200	0.000000	0.000000	50.461945	5.032020
1559922457	3.427200	0.000000	0.000000	50.385071	-4.952628
1559922458	3.427200	0.000000	0.000000	50.385071	-4.952628
1559922459	3.428985	0.000000	0.000000	50.282593	-4.976673
1559922460	3.427200	0.000000	0.000000	50.192932	5.064941
1559922461	3.427200	0.000000	0.000000	50.192932	5.064941
1559922462	3.427200	0.000000	0.000000	50.103302	-4.936559
1559922463	3.427200	0.000000	0.000000	50.103302	-4.936559
1559922464	3.427200	0.000000	0.000000	50.013641	-4.985562
1559922465	3.427200	0.000000	0.000000	49.923981	5.112651
1559922466	3.427200	0.000000	0.000000	49.847137	5.070268
1559922467	3.427200	0.000000	0.000000	49.847137	5.070268
1559922468	3.427200	0.000000	0.000000	49.808716	-4.922838
1559922469	3.427200	0.000000	0.000000	49.808716	-4.922838
1559922470	3.427200	0.000000	0.000000	49.680634	-4.982219
1559922471	3.427200	0.000000	0.000000	49.590973	5.097919
1559922472	3.427200	0.000000	0.000000	49.590973	5.097919
1559922473	3.427200	0.000000	0.000000	49.501343	5.010098
1559922474	3.427200	0.000000	0.000000	49.411652	-4.861844
1559922475	3.427200	0.000000	0.000000	49.411652	-4.861844
1559922476	3.427200	0.000000	0.000000	49.321991	-4.974463
1559922477	3.427200	0.000000	0.000000	49.321991	-4.974463
1559922478	3.428985	0.000000	0.000000	49.245178	-4.967862
1559922479	3.428985	0.000000	0.000000	49.168335	5.062944
1559922480	3.428985	0.000000	0.000000	49.168335	5.062944
1559922481	3.427200	0.000000	0.000000	49.078674	-4.908270
1559922482	3.427200	0.000000	0.000000	49.001831	-4.964578
1559922483	3.427200	0.000000	0.000000	49.001831	-4.964578
1559922484	3.427200	0.000000	0.000000	48.912201	5.108445
1559922486	3.427200	0.000000	0.000000	48.822510	5.070118
1559922487	3.427200	0.000000	0.000000	48.822510	5.070118
1559922488	3.427200	0.000000	0.000000	48.745667	-4.914488
1559922489	3.427200	0.000000	0.000000	48.668823	-4.940819
1559922490	3.427200	0.000000	0.000000	48.668823	-4.940819
1559922491	3.427200	0.000000	0.000000	48.579163	5.123991
1559922492	3.427200	0.000000	0.000000	48.502319	5.097232
1559922493	3.427200	0.000000	0.000000	48.502319	5.097232
1559922494	3.427200	0.000000	0.000000	48.425476	5.119881
1559922495	3.427200	0.000000	0.000000	48.348633	-4.941886
1559922496	3.427200	0.000000	0.000000	48.348633	-4.941886
1559922497	3.427200	0.000000	0.000000	48.258972	-4.902091
1559922498	3.427200	0.000000	0.000000	48.182129	5.078667
1559922499	3.427200	0.000000	0.000000	48.182129	5.078667
1559922500	3.427200	0.000000	0.000000	48.105286	5.122688
1559922501	3.427200	0.000000	0.000000	48.015594	-4.947243
1559922502	3.427200	0.000000	0.000000	48.015594	-4.947243
1559922503	3.427200	0.000000	0.000000	47.951569	5.092770
1559922504	3.427200	0.000000	0.000000	47.861908	5.070717
1559922505	3.427200	0.000000	0.000000	47.861908	5.070717
1559922506	3.427200	0.000000	0.000000	47.836304	-4.930203
1559922507	3.427200	0.000000	0.000000	47.759460	5.130469
1559922508	3.427200	0.000000	0.000000	47.682617	5.099615
1559922509	3.427200	0.000000	0.000000	47.682617	5.099615
1559922510	3.427200	0.000000	0.000000	47.592987	-4.886808
1559922511	3.427200	0.000000	0.000000	47.516113	5.093223
1559922512	3.427200	0.000000	0.000000	47.516113	5.093223
1559922513	3.427200	0.000000	0.000000	47.452057	5.136497
1559922515	3.427200	0.000000	0.000000	47.388031	-4.930203
1559922516	3.427200	0.000000	0.000000	47.388031	-4.930203
1559922517	3.427200	0.000000	0.000000	47.311188	-4.881765
1559922518	3.427200	0.000000	0.000000	47.247162	5.088408
1559922519	3.427200	0.000000	0.000000	47.247162	5.088408
1559922520	3.427200	0.000000	0.000000	47.157532	5.130888
1559922521	3.427200	0.000000	0.000000	47.119080	-4.964578
1559922522	3.427200	0.000000	0.000000	47.119080	-4.964578
1559922523	3.427200	0.000000	0.000000	47.055054	-4.894929
1559922524	3.427200	0.000000	0.000000	46.978210	5.110123
1559922525	3.427200	0.000000	0.000000	46.978210	5.110123
1559922526	3.427200	1.000000	0.000000	46.914185	5.134459
1559922527	6.986490	0.000000	0.000000	46.837311	-4.911374
1559922528	6.986490	0.000000	0.000000	46.837311	-4.911374
1559922529	6.981135	0.000000	0.000000	46.773254	-4.878751
1559922530	6.979350	0.000000	0.000000	46.696442	5.114569
1559922531	6.979350	0.000000	0.000000	46.696442	5.114569
1559922532	6.977565	0.000000	0.000000	46.632416	-4.902091
1559922533	6.975780	0.000000	0.000000	46.568359	-4.905176
1559922534	6.975780	0.000000	0.000000	46.568359	-4.905176
1559922535	6.975780	0.000000	0.000000	46.491486	5.123655
1559922536	6.973995	1.000000	0.000000	46.427460	5.120142
1559922537	6.973995	1.000000	0.000000	46.427460	5.120142
1559922538	10.681440	0.000000	0.000000	46.350616	-4.894929
1559922539	10.677871	0.000000	0.000000	46.325012	5.146582
1559922540	10.677871	0.000000	0.000000	46.325012	5.146582
1559922541	10.674300	0.000000	0.000000	46.260956	5.129066
1559922542	10.672515	0.000000	0.000000	46.184113	-4.865797
1559922543	10.672515	0.000000	0.000000	46.184113	-4.865797
1559922544	10.672515	0.000000	0.000000	46.120056	-4.901064
1559922545	13.039425	1.000000	0.000000	46.056030	5.153251
1559922546	13.039425	1.000000	0.000000	46.056030	5.153251
1559922547	14.315699	0.000000	0.000000	45.979187	5.133985
1559922548	14.313915	0.000000	0.000000	45.915131	-4.858890
1559922549	14.313915	0.000000	0.000000	45.915131	-4.858890
1559922550	14.310345	0.000000	0.000000	45.863922	-4.878751
1559922551	16.830765	1.000000	0.000000	45.799866	5.163691
1559922552	16.830765	1.000000	0.000000	45.799866	5.163691
1559922553	17.903551	0.000000	0.000000	45.748627	5.141245
1559922554	17.901764	0.000000	0.000000	45.697418	-4.865797
1559922556	17.901764	0.000000	0.000000	45.697418	-4.865797
1559922557	17.899981	0.000000	0.000000	45.633362	-4.887819
1559922558	17.898195	0.000000	0.000000	45.582153	5.152371
1559922559	17.898195	0.000000	0.000000	45.582153	5.152371
1559922560	17.898195	1.000000	0.000000	45.530884	5.122276
1559922561	21.505680	0.000000	0.000000	45.479675	-4.843280
1559922562	21.505680	0.000000	0.000000	45.479675	-4.843280
1559922563	21.516392	0.000000	0.000000	45.428436	-4.879755
1559922564	21.514605	0.000000	0.000000	45.377228	5.155396
1559922565	21.514605	0.000000	0.000000	45.377228	5.155396
1559922566	21.514605	0.000000	0.000000	45.338806	5.138666
1559922567	21.514605	0.000000	0.000000	45.338806	5.138666
1559922568	21.514605	0.000000	0.000000	45.300385	-4.853007
1559922569	23.478106	1.000000	0.000000	45.274780	5.113912
1559922570	25.511221	0.000000	0.000000	45.249146	5.144455
1559922571	25.511221	0.000000	0.000000	45.249146	5.144455
1559922572	25.509436	0.000000	0.000000	45.210724	-4.888832
1559922573	25.509436	0.000000	0.000000	45.185089	-4.874747
1559922574	25.509436	0.000000	0.000000	45.185089	-4.874747
1559922575	25.509436	0.000000	0.000000	45.146698	5.142101
1559922576	25.529072	1.000000	0.000000	45.108276	5.142836
1559922577	25.529072	1.000000	0.000000	45.108276	5.142836
1559922578	29.179394	0.000000	0.000000	45.095459	-4.884788
1559922579	29.179394	0.000000	0.000000	45.082672	-4.870759
1559922580	29.179394	0.000000	0.000000	45.082672	-4.870759
1559922581	29.179394	0.000000	0.000000	45.057037	5.144419
1559922582	29.177608	0.000000	0.000000	45.031403	5.137392
1559922583	29.177608	0.000000	0.000000	45.031403	5.137392
1559922584	29.177608	0.000000	0.000000	45.018616	-4.892893
1559922585	30.361065	1.000000	0.000000	45.018616	5.139648
1559922586	30.361065	1.000000	0.000000	45.018616	5.139648
1559922587	32.926109	0.000000	0.000000	44.992981	5.147623
1559922588	32.926109	0.000000	0.000000	45.005829	-4.880759
1559922589	32.926109	0.000000	0.000000	45.005829	-4.880759
1559922590	32.926109	0.000000	0.000000	45.005829	-4.888832
1559922591	34.073864	1.000000	0.000000	45.005829	5.150029
1559922592	34.073864	1.000000	0.000000	45.005829	5.150029
1559922593	36.663902	0.000000	0.000000	45.005829	5.143737
1559922594	36.663902	0.000000	0.000000	45.005829	-4.905176
1559922595	36.663902	0.000000	0.000000	45.005829	-4.905176
1559922596	36.662117	0.000000	0.000000	45.031403	-4.918654
1559922597	36.662117	0.000000	0.000000	45.031403	-4.918654
1559922599	36.662117	0.000000	0.000000	45.044250	5.145602
1559922600	36.662117	0.000000	0.000000	45.057037	5.133113
1559922601	36.662117	0.000000	0.000000	45.057037	5.133113
1559922602	36.662117	0.000000	0.000000	45.082672	-4.903118
1559922603	39.712681	0.000000	0.000000	45.108276	-4.887819
1559922604	39.712681	0.000000	0.000000	45.108276	-4.887819
1559922605	40.341003	0.000000	0.000000	45.146698	5.118692
1559922606	40.341003	0.000000	0.000000	45.172302	-4.915528
1559922607	40.341003	0.000000	0.000000	45.172302	-4.915528
1559922608	40.341003	0.000000	0.000000	45.210724	-4.903118
1559922609	40.341003	0.000000	0.000000	45.249146	5.119884
1559922610	40.341003	1.000000	0.000000	45.274780	5.123846
1559922611	40.341003	1.000000	0.000000	45.274780	5.123846
1559922612	44.005604	0.000000	0.000000	45.351624	-4.934436
1559922613	44.005604	0.000000	0.000000	45.351624	-4.934436
1559922614	44.003822	0.000000	0.000000	45.415649	-4.905176
1559922615	44.003822	0.000000	0.000000	45.428436	5.105116
1559922616	44.003822	0.000000	0.000000	45.492462	5.096301
1559922617	44.003822	0.000000	0.000000	45.492462	5.096301
1559922618	44.003822	0.000000	0.000000	45.556519	-4.919699
1559922619	44.003822	0.000000	0.000000	45.556519	-4.919699
1559922620	44.003822	0.000000	0.000000	45.620575	-4.933376
1559922621	44.003822	0.000000	0.000000	45.697418	5.104487
1559922622	44.003822	0.000000	0.000000	45.697418	5.104487
1559922623	44.003822	1.000000	0.000000	45.774261	5.108905
1559922624	47.770172	0.000000	0.000000	45.851105	-4.945097
1559922625	47.770172	0.000000	0.000000	45.851105	-4.945097
1559922626	47.770172	0.000000	0.000000	45.940765	-4.990036
1559922627	47.770172	0.000000	0.000000	46.017609	5.094718
1559922628	47.770172	0.000000	0.000000	46.017609	5.094718
1559922629	47.770172	0.000000	0.000000	46.107269	5.044274
1559922630	47.768387	0.000000	0.000000	46.222534	-4.941886
1559922631	47.768387	0.000000	0.000000	46.222534	-4.941886
1559922632	47.768387	0.000000	0.000000	46.312195	-5.015009
1559922633	47.770172	0.000000	0.000000	46.401825	5.089523
1559922634	47.770172	0.000000	0.000000	46.401825	5.089523
1559922635	47.768387	0.000000	0.000000	46.517120	-4.990036
1559922637	47.768387	0.000000	0.000000	46.632416	-4.964578
1559922638	47.768387	0.000000	0.000000	46.632416	-4.964578
1559922639	47.770172	0.000000	0.000000	46.747650	5.058308
1559922640	47.768387	0.000000	0.000000	46.798889	5.067757
1559922641	47.768387	0.000000	0.000000	46.798889	5.067757
1559922642	47.768387	0.000000	0.000000	46.914185	-4.983332
1559922643	47.768387	0.000000	0.000000	47.042236	-4.986678
1559922644	47.768387	0.000000	0.000000	47.042236	-4.986678
1559922645	47.768387	0.000000	0.000000	47.157532	5.048201
1559922646	47.768387	0.000000	0.000000	47.362427	5.043067
1559922647	47.768387	0.000000	0.000000	47.362427	5.043067
1559922648	47.768387	0.000000	0.000000	47.490509	-5.011567
1559922649	47.768387	0.000000	0.000000	47.554535	-5.017310
1559922650	47.768387	0.000000	0.000000	47.554535	-5.017310
1559922651	47.768387	0.000000	0.000000	47.682617	5.037647
1559922652	47.768387	0.000000	0.000000	47.810699	5.033665
1559922653	47.768387	0.000000	0.000000	47.810699	5.033665
1559922654	47.770172	0.000000	0.000000	47.951569	-5.027733
1559922655	47.770172	0.000000	0.000000	48.079651	4.928088
1559922656	47.770172	0.000000	0.000000	48.079651	4.928088
1559922657	47.770172	0.000000	0.000000	48.207733	5.002710
1559922658	47.770172	0.000000	0.000000	48.348633	-5.121647
1559922659	47.770172	0.000000	0.000000	48.348633	-5.121647
1559922660	47.770172	0.000000	0.000000	48.348633	5.016999
1559922661	47.768387	0.000000	0.000000	48.553558	4.912794
1559922662	47.768387	0.000000	0.000000	48.553558	4.912794
1559922663	47.768387	0.000000	0.000000	48.694427	-5.028898
1559922664	47.768387	0.000000	0.000000	48.822510	-5.130639
1559922665	47.768387	0.000000	0.000000	48.822510	-5.130639
1559922666	47.768387	0.000000	0.000000	48.963440	5.000031
1559922667	47.768387	0.000000	0.000000	49.091492	4.897977
1559922668	47.768387	0.000000	0.000000	49.091492	4.897977
1559922669	47.770172	0.000000	0.000000	49.206757	-5.058468
1559922670	47.768387	0.000000	0.000000	49.360413	-5.143626
1559922671	47.768387	0.000000	0.000000	49.360413	-5.143626
1559922672	47.770172	0.000000	0.000000	49.488495	4.984754
1559922673	47.770172	0.000000	0.000000	49.616608	4.884894
1559922674	47.770172	0.000000	0.000000	49.616608	4.884894
1559922675	47.770172	0.000000	0.000000	49.744659	-5.071762
1559922676	47.770172	0.000000	0.000000	49.872742	-5.154139
1559922677	47.770172	0.000000	0.000000	49.872742	-5.154139
1559922678	47.770172	0.000000	0.000000	50.013641	4.972662
1559922679	47.770172	0.000000	0.000000	50.013641	4.972662
1559922681	47.770172	0.000000	0.000000	50.141693	4.863940
1559922682	47.770172	0.000000	0.000000	50.269806	-5.044166
1559922683	47.770172	0.000000	0.000000	50.397888	4.935499
1559922684	47.770172	0.000000	0.000000	50.397888	4.935499
1559922685	47.770172	0.000000	0.000000	50.551575	4.949666
1559922686	47.771957	0.000000	0.000000	50.692474	-5.077863
1559922687	47.771957	0.000000	0.000000	50.692474	-5.077863
1559922688	47.771957	0.000000	0.000000	50.807739	-5.068119
1559922689	47.770172	0.000000	0.000000	50.871765	4.930161
1559922690	47.770172	0.000000	0.000000	50.871765	4.930161
1559922691	47.770172	0.000000	0.000000	50.999847	4.925365
1559922692	47.771957	0.000000	0.000000	51.153534	-5.072979
1559922693	47.771957	0.000000	0.000000	51.153534	-5.072979
1559922694	47.771957	0.000000	0.000000	51.281616	-5.092660
1559922695	47.771957	0.000000	0.000000	51.409668	4.949717
1559922696	47.771957	0.000000	0.000000	51.409668	4.949717
1559922697	47.771957	0.000000	0.000000	51.550568	-5.174153
1559922698	47.771957	0.000000	0.000000	51.678650	-5.119093
1559922699	47.771957	0.000000	0.000000	51.678650	-5.119093
1559922700	47.771957	0.000000	0.000000	51.806732	4.860876
1559922701	47.771957	0.000000	0.000000	51.934814	4.920566
1559922702	47.771957	0.000000	0.000000	51.934814	4.920566
1559922703	47.771957	0.000000	0.000000	52.075714	-5.160766
1559922704	47.771957	0.000000	0.000000	52.203796	-5.114004
1559922705	47.771957	0.000000	0.000000	52.203796	-5.114004
1559922706	47.773739	0.000000	0.000000	52.331879	4.846045
1559922707	47.771957	0.000000	0.000000	52.472748	4.906771
1559922708	47.771957	0.000000	0.000000	52.472748	4.906771
1559922709	47.771957	0.000000	0.000000	52.600830	-5.168777
1559922710	47.771957	0.000000	0.000000	52.600830	-5.168777
1559922711	47.773739	0.000000	0.000000	52.741699	-5.124208
1559922712	47.771957	0.000000	0.000000	52.869781	4.823375
1559922713	47.771957	0.000000	0.000000	52.997864	4.890564
1559922714	47.771957	0.000000	0.000000	52.997864	4.890564
1559922715	47.773739	0.000000	0.000000	53.125916	-5.182272
1559922717	47.773739	0.000000	0.000000	53.125916	-5.182272
1559922718	47.773739	0.000000	0.000000	53.253998	-5.134518
1559922719	47.773739	0.000000	0.000000	53.369263	4.824167
1559922720	47.773739	0.000000	0.000000	53.446136	-5.114004
1559922721	47.773739	0.000000	0.000000	53.446136	-5.114004
1559922722	47.773739	0.000000	0.000000	53.574219	-5.179558
1559922723	47.773739	0.000000	0.000000	53.574219	-5.179558
1559922724	47.773739	0.000000	0.000000	53.689453	4.885143
1559922725	47.773739	0.000000	0.000000	53.817535	4.800894
1559922726	47.773739	0.000000	0.000000	53.817535	4.800894
1559922727	46.144035	0.000000	1.000000	53.932831	-5.131930
1559922728	44.098427	0.000000	0.000000	54.060913	-5.180914
1559922729	44.098427	0.000000	0.000000	54.060913	-5.180914
1559922730	44.098427	0.000000	0.000000	54.188965	4.871754
1559922731	44.098427	0.000000	0.000000	54.291473	4.815054
1559922732	44.098427	0.000000	0.000000	54.291473	4.815054
1559922733	42.174194	0.000000	1.000000	54.419525	-5.144934
1559922734	40.185703	0.000000	0.000000	54.534790	-5.186357
1559922735	40.185703	0.000000	0.000000	54.534790	-5.186357
1559922736	40.185703	0.000000	0.000000	54.650055	4.872118
1559922737	40.185703	0.000000	0.000000	54.752533	4.795779
1559922738	40.185703	0.000000	0.000000	54.752533	4.795779
1559922739	40.185703	0.000000	0.000000	54.854980	-5.142320
1559922740	40.185703	0.000000	1.000000	54.970245	-5.194576
1559922741	40.185703	0.000000	1.000000	54.970245	-5.194576
1559922742	36.524670	0.000000	0.000000	55.059875	4.861783
1559922743	36.522884	0.000000	0.000000	55.162354	4.795315
1559922744	36.522884	0.000000	0.000000	55.162354	4.795315
1559922745	36.522884	0.000000	0.000000	55.251984	-5.150184
1559922746	36.522884	0.000000	0.000000	55.251984	-5.150184
1559922747	36.522884	0.000000	1.000000	55.316071	-5.184993
1559922748	32.735115	0.000000	0.000000	55.392914	4.848949
1559922749	32.735115	0.000000	0.000000	55.392914	4.848949
1559922750	32.733330	0.000000	0.000000	55.469727	4.806430
1559922751	32.733330	0.000000	0.000000	55.533813	-5.142320
1559922752	32.733330	0.000000	0.000000	55.533813	-5.142320
1559922754	32.733330	0.000000	1.000000	55.597839	-5.180914
1559922755	28.999111	0.000000	0.000000	55.623444	4.862798
1559922756	28.999111	0.000000	0.000000	55.623444	4.862798
1559922757	28.999111	0.000000	0.000000	55.700287	4.821001
1559922758	28.999111	0.000000	0.000000	55.751526	-5.158110
1559922759	28.999111	0.000000	0.000000	55.751526	-5.158110
1559922760	28.754564	0.000000	1.000000	55.789948	-5.172806
1559922761	25.943193	0.000000	0.000000	55.828369	4.854772
1559922762	25.943193	0.000000	0.000000	55.828369	4.854772
1559922763	25.180996	0.000000	0.000000	55.854004	-5.167437
1559922764	25.179211	0.000000	0.000000	55.892395	-5.168777
1559922765	25.179211	0.000000	0.000000	55.892395	-5.168777
1559922766	25.179211	0.000000	0.000000	55.918030	4.850793
1559922767	21.819839	0.000000	0.000000	55.930817	4.845715
1559922768	21.819839	0.000000	0.000000	55.930817	4.845715
1559922769	21.402151	0.000000	0.000000	55.943634	-5.159437
1559922770	21.400366	0.000000	0.000000	55.969269	-5.163429
1559922771	21.400366	0.000000	0.000000	55.969269	-5.163429
1559922772	21.402151	0.000000	0.000000	55.982056	4.858052
1559922773	20.916630	0.000000	1.000000	55.969269	-5.155461
1559922774	20.916630	0.000000	1.000000	55.969269	-5.155461
1559922775	17.707201	0.000000	0.000000	55.969269	-5.155461
1559922776	17.707201	0.000000	0.000000	55.969269	-5.156785
1559922777	17.707201	0.000000	0.000000	55.969269	-5.156785
1559922778	17.707201	0.000000	0.000000	55.956451	4.879387
1559922779	17.707201	0.000000	0.000000	55.943634	4.867493
1559922780	17.707201	0.000000	0.000000	55.943634	4.867493
1559922781	16.111412	0.000000	1.000000	55.930817	-5.138411
1559922782	13.878375	0.000000	0.000000	55.905212	-5.137112
1559922783	13.878375	0.000000	0.000000	55.905212	-5.137112
1559922784	13.878375	0.000000	0.000000	55.879608	4.875606
1559922785	13.880160	0.000000	0.000000	55.841187	-5.148869
1559922786	13.880160	0.000000	0.000000	55.841187	-5.148869
1559922788	13.880160	0.000000	1.000000	55.815582	-5.141015
1559922789	10.253040	0.000000	0.000000	55.789948	4.890931
1559922790	10.253040	0.000000	0.000000	55.789948	4.890931
1559922791	10.254826	0.000000	0.000000	55.725922	4.877026
1559922792	10.256610	0.000000	0.000000	55.687500	-5.126776
1559922793	10.258395	0.000000	0.000000	55.636261	4.890377
1559922794	10.258395	0.000000	0.000000	55.636261	4.890377
1559922795	10.258395	0.000000	0.000000	55.585022	4.905739
1559922796	10.261966	0.000000	0.000000	55.533813	-5.119093
1559922797	10.261966	0.000000	0.000000	55.533813	-5.119093
1559922798	10.261966	0.000000	1.000000	55.482544	-5.112736
1559922799	10.261966	0.000000	1.000000	55.482544	-5.112736
1559922800	6.752655	0.000000	0.000000	55.405701	4.920423
1559922801	6.700891	0.000000	0.000000	55.328857	4.898541
1559922802	6.702675	0.000000	0.000000	55.303253	-5.100141
1559922803	6.702675	0.000000	0.000000	55.303253	-5.100141
1559922804	6.706245	0.000000	0.000000	55.200806	-5.125491
1559922805	6.708030	0.000000	0.000000	55.123932	4.960340
1559922806	6.708030	0.000000	0.000000	55.123932	4.960340
1559922807	6.709816	0.000000	0.000000	55.085510	-5.129350
1559922808	6.709816	0.000000	0.000000	55.085510	-5.129350
1559922809	6.679470	0.000000	1.000000	54.970245	-5.035915
1559922810	3.400425	0.000000	0.000000	54.880615	-5.103903
1559922811	3.400425	0.000000	0.000000	54.880615	-5.103903
1559922812	3.405780	0.000000	0.000000	54.790955	4.965426
1559922813	3.409350	0.000000	0.000000	54.765350	-5.112736
1559922814	3.409350	0.000000	0.000000	54.765350	-5.112736
1559922815	3.412920	0.000000	0.000000	54.675659	-5.048911
1559922816	3.414705	0.000000	0.000000	54.586029	4.916330
1559922817	3.414705	0.000000	0.000000	54.586029	4.916330
1559922818	3.416490	0.000000	0.000000	54.509186	4.912601
1559922819	3.420060	0.000000	0.000000	54.406738	-5.039443
1559922820	3.420060	0.000000	0.000000	54.406738	-5.039443
1559922821	3.421845	0.000000	1.000000	54.317047	-5.095147
1559922822	3.421845	0.000000	0.000000	54.227417	4.982380
1559922823	3.421845	0.000000	0.000000	54.227417	4.982380
1559922824	3.423630	0.000000	0.000000	54.124939	4.936036
1559922825	3.425415	0.000000	0.000000	54.022491	-5.031232
1559922826	3.425415	0.000000	0.000000	54.022491	-5.031232
1559922827	3.427200	0.000000	0.000000	53.920013	-5.086468
1559922829	3.428985	0.000000	0.000000	53.804749	5.025480
1559922830	3.428985	0.000000	0.000000	53.804749	5.025480
1559922831	3.428985	0.000000	0.000000	53.702271	4.966455
1559922832	3.430770	0.000000	0.000000	53.587006	-5.008136
1559922833	3.430770	0.000000	0.000000	53.587006	-5.008136
1559922834	3.432555	0.000000	0.000000	53.484558	-5.047722
1559922835	3.432555	0.000000	0.000000	53.484558	-5.047722
1559922836	3.432555	0.000000	0.000000	53.382080	5.032975
1559922837	3.434340	0.000000	0.000000	53.253998	4.994741
1559922838	3.434340	0.000000	0.000000	53.253998	4.994741
1559922839	3.434340	0.000000	0.000000	53.151520	-4.997914
1559922840	3.436125	0.000000	0.000000	53.049072	-5.051291
1559922841	3.436125	0.000000	0.000000	53.049072	-5.051291
1559922842	3.436125	0.000000	0.000000	52.959442	5.079706
1559922843	3.437910	0.000000	0.000000	52.844177	4.993377
1559922844	3.437910	0.000000	0.000000	52.844177	4.993377
1559922845	3.439695	0.000000	0.000000	52.741699	-4.981107
1559922846	3.439695	0.000000	0.000000	52.639252	-5.053678
1559922847	3.439695	0.000000	0.000000	52.639252	-5.053678
1559922848	3.439695	0.000000	0.000000	52.523987	5.079106
1559922849	3.439695	0.000000	0.000000	52.523987	5.079106
1559922850	3.439695	0.000000	0.000000	52.434326	5.005296
1559922851	3.441480	0.000000	0.000000	52.319031	-5.018463
1559922852	3.443265	0.000000	0.000000	52.216583	-5.021929
1559922853	3.443265	0.000000	0.000000	52.216583	-5.021929
1559922854	3.443265	0.000000	0.000000	52.114136	4.992360
1559922855	3.443265	0.000000	0.000000	51.998840	5.090447
1559922856	3.443265	0.000000	0.000000	51.998840	5.090447
1559922857	3.443265	0.000000	0.000000	51.909180	-5.035915
1559922858	3.443265	0.000000	0.000000	51.909180	-5.035915
1559922859	3.445050	0.000000	0.000000	51.806732	-5.030064
1559922860	3.445050	0.000000	0.000000	51.704285	5.024762
1559922861	3.445050	0.000000	0.000000	51.704285	5.024762
1559922862	3.445050	0.000000	0.000000	51.614594	5.013712
1559922863	3.445050	0.000000	0.000000	51.537750	-5.006995
1559922864	3.445050	0.000000	0.000000	51.537750	-5.006995
1559922865	3.446835	0.000000	0.000000	51.460907	5.090994
1559922866	3.446835	0.000000	0.000000	51.371246	5.036416
1559922867	3.446835	0.000000	0.000000	51.371246	5.036416
1559922869	3.446835	0.000000	0.000000	51.268799	-4.918654
1559922870	3.446835	0.000000	0.000000	51.166321	-4.939752
1559922871	3.446835	0.000000	0.000000	51.166321	-4.939752
1559922872	3.446835	0.000000	0.000000	51.076691	-4.987796
1559922873	3.446835	0.000000	0.000000	51.076691	-4.987796
1559922874	3.448620	0.000000	0.000000	50.935822	5.089244
1559922875	3.446835	0.000000	0.000000	50.858948	5.031516
1559922876	3.446835	0.000000	0.000000	50.858948	5.031516
1559922877	3.448620	0.000000	0.000000	50.756500	-4.983332
1559922878	3.448620	0.000000	0.000000	50.718079	-4.991158
1559922879	3.448620	0.000000	0.000000	50.718079	-4.991158
1559922880	3.450405	0.000000	0.000000	50.628418	5.040539
1559922881	3.450405	0.000000	0.000000	50.538757	-4.927040
1559922882	3.450405	0.000000	0.000000	50.449097	-4.991158
1559922883	3.450405	0.000000	0.000000	50.449097	-4.991158
1559922884	3.450405	0.000000	0.000000	50.372253	5.106199
1559922885	3.450405	0.000000	0.000000	50.372253	5.106199
1559922886	3.450405	0.000000	0.000000	50.282593	5.049422
1559922887	3.450405	0.000000	0.000000	50.205750	-4.918654
1559922888	3.450405	0.000000	0.000000	50.205750	-4.918654
1559922889	3.450405	0.000000	0.000000	50.128906	-4.979997
1559922890	3.450405	0.000000	0.000000	50.039276	5.111091
1559922891	3.450405	0.000000	0.000000	50.039276	5.111091
1559922892	3.450405	0.000000	0.000000	49.954742	5.057180
1559922893	3.450405	0.000000	0.000000	49.877899	-4.932317
1559922894	3.450405	0.000000	0.000000	49.877899	-4.932317
1559922895	3.452190	0.000000	0.000000	49.788269	-4.984446
1559922896	3.450405	0.000000	0.000000	49.711395	5.105097
1559922897	3.450405	0.000000	0.000000	49.711395	5.105097
1559922898	3.452190	0.000000	0.000000	49.660187	5.073932
1559922899	3.452190	0.000000	0.000000	49.544891	-4.920744
1559922900	3.452190	0.000000	0.000000	49.544891	-4.920744
1559922901	3.452190	0.000000	0.000000	49.468048	-4.956957
1559922902	3.452190	0.000000	0.000000	49.378418	5.068704
1559922903	3.452190	0.000000	0.000000	49.378418	5.068704
1559922905	3.452190	0.000000	0.000000	49.301544	5.052408
1559922906	3.452190	0.000000	0.000000	49.224701	-4.923887
1559922907	3.452190	0.000000	0.000000	49.224701	-4.923887
1559922908	3.452190	0.000000	0.000000	49.147827	5.054167
1559922909	3.452190	0.000000	0.000000	49.096619	5.103178
1559922910	3.452190	0.000000	0.000000	49.096619	5.103178
1559922911	3.452190	0.000000	0.000000	49.006958	-4.975567
1559922912	3.452190	0.000000	0.000000	48.930115	-4.918654
1559922913	3.452190	0.000000	0.000000	48.930115	-4.918654
1559922914	3.452190	0.000000	0.000000	48.853271	5.076201
1559922915	3.452190	0.000000	0.000000	48.789215	5.110203
1559922916	3.452190	0.000000	0.000000	48.789215	5.110203
1559922917	3.450405	0.000000	0.000000	48.699585	-4.965672
1559922918	3.452190	0.000000	0.000000	48.622742	5.063012
1559922919	3.452190	0.000000	0.000000	48.622742	5.063012
1559922920	3.452190	0.000000	0.000000	48.545898	5.052802
1559922921	3.452190	0.000000	0.000000	48.469055	-4.932317
1559922922	3.452190	0.000000	0.000000	48.469055	-4.932317
1559922923	3.452190	0.000000	0.000000	48.392181	-4.956957
1559922924	3.452190	0.000000	0.000000	48.302521	5.084425
1559922925	3.452190	0.000000	0.000000	48.302521	5.084425
1559922926	3.452190	0.000000	0.000000	48.264099	5.077623
1559922927	3.452190	0.000000	0.000000	48.161652	-4.928093
1559922928	3.452190	0.000000	0.000000	48.161652	-4.928093
1559922929	3.452190	0.000000	0.000000	48.071991	-4.948318
1559922930	3.452190	0.000000	0.000000	48.007965	5.091822
1559922931	3.452190	0.000000	0.000000	48.007965	5.091822
1559922932	3.450405	0.000000	0.000000	47.918304	5.071718
1559922933	3.452190	0.000000	0.000000	47.854248	-4.916569
1559922934	3.452190	0.000000	0.000000	47.854248	-4.916569
1559922935	3.452190	0.000000	0.000000	47.777374	-4.954790
1559922936	3.452190	0.000000	0.000000	47.700562	5.113409
1559922937	3.452190	0.000000	0.000000	47.700562	5.113409
1559922939	3.452190	0.000000	0.000000	47.662140	5.095095
1559922940	3.452190	0.000000	0.000000	47.585266	-4.927040
1559922941	3.452190	0.000000	0.000000	47.585266	-4.927040
1559922942	3.452190	0.000000	0.000000	47.508423	-4.932317
1559922943	3.452190	0.000000	0.000000	47.508423	-4.932317
1559922944	3.452190	0.000000	0.000000	47.431580	5.105183
1559922945	3.452190	0.000000	0.000000	47.367523	5.098836
1559922946	3.452190	0.000000	0.000000	47.367523	5.098836
1559922947	3.452190	0.000000	0.000000	47.329102	-4.917611
1559922948	3.452190	0.000000	0.000000	47.188202	-4.888832
1559922949	3.452190	0.000000	0.000000	47.188202	-4.888832
1559922950	3.452190	0.000000	0.000000	47.111389	5.104968
1559922951	3.452190	0.000000	0.000000	47.072937	5.133709
1559922952	3.452190	0.000000	0.000000	47.072937	5.133709
1559922953	3.452190	0.000000	0.000000	47.008911	-4.917611
1559922954	3.452190	0.000000	0.000000	46.944885	-4.869765
1559922955	3.452190	0.000000	0.000000	46.944885	-4.869765
1559922956	3.452190	0.000000	0.000000	46.855255	5.109023
1559922957	3.452190	0.000000	0.000000	46.791199	5.151041
1559922958	3.452190	0.000000	0.000000	46.791199	5.151041
1559922959	3.452190	0.000000	0.000000	46.727173	-4.925988
1559922960	3.452190	0.000000	0.000000	46.727173	-4.925988
1559922961	6.433140	0.000000	0.000000	46.663116	-4.878751
1559922962	6.991845	0.000000	0.000000	46.599060	5.117576
1559922963	6.991845	0.000000	0.000000	46.599060	5.117576
1559922964	6.988275	0.000000	0.000000	46.522217	5.143917
1559922965	6.986490	0.000000	0.000000	46.445374	-4.915528
1559922966	6.986490	0.000000	0.000000	46.445374	-4.915528
1559922967	6.984705	0.000000	0.000000	46.381348	-4.854964
1559922968	7.884345	1.000000	0.000000	46.304474	5.119721
1559922969	7.884345	1.000000	0.000000	46.304474	5.119721
1559922970	10.536856	0.000000	0.000000	46.240448	5.111140
1559922971	10.533286	0.000000	0.000000	46.176392	-4.886808
1559922972	10.533286	0.000000	0.000000	46.176392	-4.886808
1559922973	10.531500	0.000000	0.000000	46.112335	5.158836
1559922974	10.529715	0.000000	0.000000	46.035492	5.135584
1559922975	10.529715	0.000000	0.000000	46.035492	5.135584
1559922976	10.529715	0.000000	0.000000	45.984283	-4.886808
1559922977	12.673500	0.000000	0.000000	45.920227	-4.916569
1559922979	12.673500	0.000000	0.000000	45.920227	-4.916569
1559922980	14.089006	0.000000	0.000000	45.856171	5.130596
1559922981	14.085436	0.000000	0.000000	45.792145	5.120021
1559922982	14.085436	0.000000	0.000000	45.792145	5.120021
1559922983	14.085436	0.000000	0.000000	45.740906	-4.888832
1559922984	14.083651	0.000000	0.000000	45.676880	-4.881765
1559922985	14.083651	0.000000	0.000000	45.676880	-4.881765
1559922986	14.913675	1.000000	0.000000	45.625641	5.140518
1559922987	14.913675	1.000000	0.000000	45.625641	5.140518
1559922988	17.789310	0.000000	0.000000	45.561584	5.129078
1559922989	17.785742	0.000000	0.000000	45.523163	-4.883779
1559922990	17.785742	0.000000	0.000000	45.523163	-4.883779
1559922991	17.785742	0.000000	0.000000	45.471924	-4.888832
1559922992	17.783955	0.000000	0.000000	45.420746	5.136848
1559922993	17.783955	0.000000	0.000000	45.420746	5.136848
1559922994	17.783955	1.000000	0.000000	45.395111	5.120610
1559922995	21.500324	0.000000	0.000000	45.331055	-4.875747
1559922996	21.500324	0.000000	0.000000	45.331055	-4.875747
1559922997	21.498541	0.000000	0.000000	45.279846	-4.881765
1559922998	21.496756	0.000000	0.000000	45.241425	5.140163
1559922999	21.496756	0.000000	0.000000	45.241425	5.140163
1559923000	21.496756	0.000000	0.000000	45.215790	5.138395
1559923001	21.496756	0.000000	0.000000	45.177399	-4.873749
1559923002	21.496756	0.000000	0.000000	45.177399	-4.873749
1559923003	24.136772	0.000000	0.000000	45.151764	-4.875747
1559923004	25.245255	0.000000	0.000000	45.100525	5.142988
1559923005	25.245255	0.000000	0.000000	45.100525	5.142988
1559923006	25.245255	0.000000	0.000000	45.087738	5.131695
1559923007	25.243469	0.000000	0.000000	45.062103	-4.880759
1559923008	25.243469	0.000000	0.000000	45.062103	-4.880759
1559923009	27.987015	0.000000	0.000000	45.036469	-4.899015
1559923010	27.987015	0.000000	0.000000	45.036469	-4.899015
1559923011	29.018747	0.000000	0.000000	44.998047	5.140299
1559923012	29.018747	0.000000	0.000000	44.972443	5.145408
1559923013	29.018747	0.000000	0.000000	44.972443	5.145408
1559923014	29.016962	0.000000	0.000000	44.959625	-4.893911
1559923015	29.016962	0.000000	0.000000	44.946838	5.159690
1559923016	29.016962	0.000000	0.000000	44.946838	5.159690
1559923018	29.952299	1.000000	0.000000	44.934021	5.141843
1559923019	32.674427	0.000000	0.000000	44.934021	5.137561
1559923020	32.674427	0.000000	0.000000	44.934021	5.137561
1559923021	32.674427	0.000000	0.000000	44.921234	-4.888832
1559923022	32.674427	0.000000	0.000000	44.908386	-4.889846
1559923023	32.674427	0.000000	0.000000	44.908386	-4.889846
1559923024	32.674427	0.000000	0.000000	44.921234	5.132305
1559923025	32.674427	0.000000	0.000000	44.921234	-4.874747
1559923026	32.674427	0.000000	0.000000	44.921234	-4.874747
1559923027	36.553230	0.000000	0.000000	44.921234	-4.888832
1559923028	36.553230	0.000000	0.000000	44.921234	5.122105
1559923029	36.553230	0.000000	0.000000	44.921234	5.122105
1559923030	36.553230	0.000000	0.000000	44.946838	5.119036
1559923031	36.553230	0.000000	0.000000	44.959625	-4.883779
1559923032	36.553230	0.000000	0.000000	44.959625	-4.883779
1559923033	36.553230	0.000000	0.000000	44.972443	-4.886808
1559923034	36.551445	1.000000	0.000000	44.985260	5.110295
1559923035	36.551445	1.000000	0.000000	44.985260	5.110295
1559923036	40.203556	0.000000	0.000000	45.023682	-4.882771
1559923037	40.201771	0.000000	0.000000	45.049316	-4.899015
1559923038	40.201771	0.000000	0.000000	45.049316	-4.899015
1559923039	40.201771	0.000000	0.000000	45.074921	5.122434
1559923040	40.201771	0.000000	0.000000	45.113342	5.110715
1559923041	40.201771	0.000000	0.000000	45.113342	5.110715
1559923042	40.201771	0.000000	0.000000	45.138977	-4.912411
1559923043	40.201771	0.000000	0.000000	45.203003	-4.947243
1559923044	40.201771	0.000000	0.000000	45.203003	-4.947243
1559923045	41.769001	1.000000	0.000000	45.254211	5.127964
1559923046	43.900291	0.000000	0.000000	45.305450	5.098422
1559923047	43.900291	0.000000	0.000000	45.305450	5.098422
1559923048	43.900291	0.000000	0.000000	45.356689	-4.914488
1559923049	43.900291	0.000000	0.000000	45.420746	-4.933376
1559923050	43.900291	0.000000	0.000000	45.420746	-4.933376
1559923051	43.900291	0.000000	0.000000	45.484772	5.097601
1559923052	43.900291	0.000000	0.000000	45.548798	-4.918654
1559923053	43.900291	0.000000	0.000000	45.548798	-4.918654
1559923054	43.900291	0.000000	0.000000	45.625641	-4.914488
1559923055	44.655346	1.000000	0.000000	45.702484	5.102316
1559923056	44.655346	1.000000	0.000000	45.702484	5.102316
1559923057	47.788021	0.000000	0.000000	45.792145	5.112245
1559923058	47.788021	0.000000	0.000000	45.869019	-4.944026
1559923060	47.788021	0.000000	0.000000	45.869019	-4.944026
1559923061	47.788021	0.000000	0.000000	45.958649	-4.934436
1559923062	47.786236	0.000000	0.000000	45.997070	5.085392
1559923063	47.786236	0.000000	0.000000	45.997070	5.085392
1559923064	47.786236	0.000000	0.000000	46.086731	5.095263
1559923065	47.786236	0.000000	0.000000	46.202026	-4.966766
1559923066	47.786236	0.000000	0.000000	46.202026	-4.966766
1559923067	47.786236	0.000000	0.000000	46.304474	-4.960216
1559923068	47.786236	0.000000	0.000000	46.419769	5.079954
1559923069	47.786236	0.000000	0.000000	46.419769	5.079954
1559923070	47.786236	0.000000	0.000000	46.522217	-5.051291
1559923071	47.786236	0.000000	0.000000	46.637482	-4.976673
1559923072	47.786236	0.000000	0.000000	46.637482	-4.976673
1559923073	47.786236	0.000000	0.000000	46.752747	4.980891
1559923074	47.786236	0.000000	0.000000	46.880859	5.052707
1559923075	47.786236	0.000000	0.000000	46.880859	5.052707
1559923076	47.786236	0.000000	0.000000	47.008911	-5.060872
1559923077	47.786236	0.000000	0.000000	47.124176	-5.005856
1559923078	47.786236	0.000000	0.000000	47.124176	-5.005856
1559923079	47.786236	0.000000	0.000000	47.252258	4.953040
1559923080	47.786236	0.000000	0.000000	47.393158	5.007359
1559923081	47.786236	0.000000	0.000000	47.393158	5.007359
1559923082	47.786236	0.000000	0.000000	47.521210	-5.069332
1559923083	47.786236	0.000000	0.000000	47.572449	5.035788
1559923084	47.786236	0.000000	0.000000	47.572449	5.035788
1559923085	47.786236	0.000000	0.000000	47.713348	4.920048
1559923086	47.786236	0.000000	0.000000	47.854248	-5.001310
1559923087	47.786236	0.000000	0.000000	47.995117	-5.101394
1559923088	47.786236	0.000000	0.000000	47.995117	-5.101394
1559923089	47.788021	0.000000	0.000000	48.059174	5.023574
1559923090	47.788021	0.000000	0.000000	48.059174	5.023574
1559923091	47.786236	0.000000	0.000000	48.276886	-5.050100
1559923092	47.786236	0.000000	0.000000	48.404999	-5.124208
1559923093	47.786236	0.000000	0.000000	48.404999	-5.124208
1559923094	47.788021	0.000000	0.000000	48.558685	5.015910
1559923095	47.786236	0.000000	0.000000	48.699585	4.787596
1559923096	47.786236	0.000000	0.000000	48.699585	4.787596
1559923097	47.788021	0.000000	0.000000	48.763611	-5.005856
1559923098	47.786236	0.000000	0.000000	48.917297	-5.146244
1559923099	47.786236	0.000000	0.000000	48.917297	-5.146244
1559923101	47.786236	0.000000	0.000000	49.135040	5.017320
1559923102	47.788021	0.000000	0.000000	49.263123	4.887829
1559923103	47.788021	0.000000	0.000000	49.263123	4.887829
1559923104	47.786236	0.000000	0.000000	49.339996	-5.059669
1559923105	47.788021	0.000000	0.000000	49.480865	-5.156785
1559923106	47.788021	0.000000	0.000000	49.480865	-5.156785
1559923107	47.788021	0.000000	0.000000	49.621735	4.984461
1559923108	47.788021	0.000000	0.000000	49.775452	4.961290
1559923109	47.788021	0.000000	0.000000	49.775452	4.961290
1559923110	47.786236	0.000000	0.000000	49.903534	-5.074198
1559923111	47.788021	0.000000	0.000000	50.044434	-5.060872
1559923112	47.788021	0.000000	0.000000	50.044434	-5.060872
1559923113	47.788021	0.000000	0.000000	50.185333	4.919959
1559923114	47.788021	0.000000	0.000000	50.326172	-5.053678
1559923115	47.788021	0.000000	0.000000	50.326172	-5.053678
1559923116	47.788021	0.000000	0.000000	50.479889	-5.056070
1559923117	47.788021	0.000000	0.000000	50.595154	-5.147555
1559923118	47.788021	0.000000	0.000000	50.595154	-5.147555
1559923119	47.788021	0.000000	0.000000	50.748871	4.965950
1559923120	47.788021	0.000000	0.000000	50.748871	4.965950
1559923121	47.788021	0.000000	0.000000	50.876923	-5.085234
1559923122	47.788021	0.000000	0.000000	51.030640	-5.054873
1559923123	47.788021	0.000000	0.000000	51.030640	-5.054873
1559923124	47.788021	0.000000	0.000000	51.171509	4.921627
1559923125	47.788021	0.000000	0.000000	51.312408	4.951709
1559923126	47.788021	0.000000	0.000000	51.312408	4.951709
1559923127	47.788021	0.000000	0.000000	51.453308	-5.108941
1559923128	47.788021	0.000000	0.000000	51.581360	-5.081542
1559923129	47.788021	0.000000	0.000000	51.581360	-5.081542
1559923130	47.789806	0.000000	0.000000	51.709473	4.910333
1559923131	47.788021	0.000000	0.000000	51.837555	4.919854
1559923132	47.788021	0.000000	0.000000	51.837555	4.919854
1559923133	47.788021	0.000000	0.000000	51.927216	-5.092660
1559923134	47.789806	0.000000	0.000000	52.042450	-5.095147
1559923135	47.789806	0.000000	0.000000	52.042450	-5.095147
1559923136	47.788021	0.000000	0.000000	52.183350	4.911565
1559923137	47.789806	0.000000	0.000000	52.247375	4.937974
1559923138	47.789806	0.000000	0.000000	52.247375	4.937974
1559923139	47.788021	0.000000	0.000000	52.439514	-5.121647
1559923141	47.788021	0.000000	0.000000	52.554779	4.829738
1559923142	47.788021	0.000000	0.000000	52.554779	4.829738
1559923143	47.789806	0.000000	0.000000	52.695679	4.972075
1559923144	47.789806	0.000000	0.000000	52.823730	4.917241
1559923145	47.789806	0.000000	0.000000	52.823730	4.917241
1559923146	47.789806	0.000000	0.000000	52.951843	-5.119093
1559923147	47.789806	0.000000	0.000000	53.079926	-5.116545
1559923148	47.789806	0.000000	0.000000	53.079926	-5.116545
1559923149	47.789806	0.000000	0.000000	53.208008	4.884899
1559923150	47.789806	0.000000	0.000000	53.336090	4.906600
1559923151	47.789806	0.000000	0.000000	53.336090	4.906600
1559923152	47.789806	0.000000	0.000000	53.451355	-5.150184
1559923153	47.789806	0.000000	0.000000	53.451355	-5.150184
1559923154	47.789806	0.000000	0.000000	53.579468	-5.129350
1559923155	47.789806	0.000000	0.000000	53.707520	4.873134
1559923156	47.789806	0.000000	0.000000	53.707520	4.873134
1559923157	47.791592	0.000000	0.000000	53.835602	4.879038
1559923158	47.554188	0.000000	1.000000	53.950867	-5.146244
